,label,val_0,val_1,val_2,val_3,val_4,val_5,val_6,val_7,val_8,val_9,val_10,val_11,val_12,val_13,val_14,val_15,val_16,val_17,val_18,val_19,val_20,val_21,val_22,val_23,val_24,val_25,val_26,val_27,val_28,val_29,val_30,val_31,val_32,val_33,val_34,val_35,val_36,val_37,val_38,val_39,val_40,val_41,val_42,val_43,val_44,val_45,val_46,val_47,val_48,val_49,val_50,val_51,val_52,val_53,val_54,val_55,val_56,val_57,val_58,val_59,val_60,val_61,val_62,val_63,val_64,val_65,val_66,val_67,val_68,val_69,val_70,val_71,val_72,val_73,val_74,val_75,val_76,val_77,val_78,val_79,val_80,val_81,val_82,val_83,val_84,val_85,val_86,val_87,val_88,val_89,val_90,val_91,val_92,val_93,val_94,val_95,val_96,val_97,val_98,val_99,val_100,val_101,val_102,val_103,val_104,val_105,val_106,val_107,val_108,val_109,val_110,val_111,val_112,val_113,val_114,val_115,val_116,val_117,val_118,val_119,val_120,val_121,val_122,val_123,val_124,val_125,val_126,val_127,val_128,val_129,val_130,val_131,val_132,val_133,val_134,val_135,val_136,val_137,val_138,val_139,val_140,val_141,val_142,val_143,val_144,val_145,val_146,val_147,val_148,val_149,val_150,val_151,val_152,val_153,val_154,val_155,val_156,val_157,val_158,val_159,val_160,val_161,val_162,val_163,val_164,val_165,val_166,val_167,val_168,val_169,val_170,val_171,val_172,val_173,val_174,val_175,val_176,val_177,val_178,val_179,val_180,val_181,val_182,val_183,val_184,val_185,val_186,val_187,val_188,val_189,val_190,val_191,val_192,val_193,val_194,val_195,val_196,val_197,val_198,val_199,val_200,val_201,val_202,val_203,val_204,val_205,val_206,val_207,val_208,val_209,val_210,val_211,val_212,val_213,val_214,val_215,val_216,val_217,val_218,val_219,val_220,val_221,val_222,val_223,val_224,val_225,val_226,val_227,val_228,val_229,val_230,val_231,val_232,val_233,val_234,val_235,val_236,val_237,val_238,val_239,val_240,val_241,val_242,val_243,val_244,val_245,val_246,val_247,val_248,val_249,val_250,val_251,val_252,val_253,val_254,val_255,val_256,val_257,val_258,val_259,val_260,val_261,val_262,val_263,val_264,val_265,val_266,val_267,val_268,val_269,val_270,val_271,val_272,val_273,val_274,val_275,val_276,val_277,val_278,val_279,val_280,val_281,val_282,val_283,val_284,val_285,val_286,val_287,val_288,val_289,val_290,val_291,val_292,val_293,val_294,val_295,val_296,val_297,val_298,val_299,val_300,val_301,val_302,val_303,val_304,val_305,val_306,val_307,val_308,val_309,val_310,val_311,val_312,val_313,val_314,val_315,val_316,val_317,val_318,val_319,val_320,val_321,val_322,val_323,val_324,val_325,val_326,val_327,val_328,val_329,val_330,val_331,val_332,val_333,val_334,val_335,val_336,val_337,val_338,val_339,val_340,val_341,val_342,val_343,val_344,val_345,val_346,val_347,val_348,val_349,val_350,val_351,val_352,val_353,val_354,val_355,val_356,val_357,val_358,val_359,val_360,val_361,val_362,val_363,val_364,val_365,val_366,val_367,val_368,val_369,val_370,val_371,val_372,val_373,val_374,val_375,val_376,val_377,val_378,val_379,val_380,val_381,val_382,val_383,val_384,val_385,val_386,val_387,val_388,val_389,val_390,val_391,val_392,val_393,val_394,val_395,val_396,val_397,val_398,val_399,val_400,val_401,val_402,val_403,val_404,val_405,val_406,val_407,val_408,val_409,val_410,val_411,val_412,val_413,val_414,val_415,val_416,val_417,val_418,val_419,val_420,val_421,val_422,val_423,val_424,val_425,val_426,val_427,val_428,val_429,val_430,val_431,val_432,val_433,val_434,val_435,val_436,val_437,val_438,val_439,val_440,val_441,val_442,val_443,val_444,val_445,val_446,val_447,val_448,val_449,val_450,val_451,val_452,val_453,val_454,val_455,val_456,val_457,val_458,val_459,val_460,val_461,val_462,val_463,val_464,val_465,val_466,val_467,val_468,val_469,val_470,val_471,val_472,val_473,val_474,val_475,val_476,val_477,val_478,val_479,val_480,val_481,val_482,val_483,val_484,val_485,val_486,val_487,val_488,val_489,val_490,val_491,val_492,val_493,val_494,val_495,val_496,val_497,val_498,val_499,val_500,val_501,val_502,val_503,val_504,val_505,val_506,val_507,val_508,val_509,val_510,val_511,val_512,val_513,val_514,val_515,val_516,val_517,val_518,val_519,val_520,val_521,val_522,val_523,val_524,val_525,val_526,val_527,val_528,val_529,val_530,val_531,val_532,val_533,val_534,val_535,val_536,val_537,val_538,val_539,val_540,val_541,val_542,val_543,val_544,val_545,val_546,val_547,val_548,val_549,val_550,val_551,val_552,val_553,val_554,val_555,val_556,val_557,val_558,val_559,val_560,val_561,val_562,val_563,val_564,val_565,val_566,val_567,val_568,val_569,val_570,val_571,val_572,val_573,val_574,val_575,val_576,val_577,val_578,val_579,val_580,val_581,val_582,val_583,val_584,val_585,val_586,val_587,val_588,val_589,val_590,val_591,val_592,val_593,val_594,val_595,val_596,val_597,val_598,val_599,val_600,val_601,val_602,val_603,val_604,val_605,val_606,val_607,val_608,val_609,val_610,val_611,val_612,val_613,val_614,val_615,val_616,val_617,val_618,val_619,val_620,val_621,val_622,val_623,val_624,val_625,val_626,val_627,val_628,val_629,val_630,val_631,val_632,val_633,val_634,val_635,val_636,val_637,val_638,val_639,val_640,val_641,val_642,val_643,val_644,val_645,val_646,val_647,val_648,val_649,val_650,val_651,val_652,val_653,val_654,val_655,val_656,val_657,val_658,val_659,val_660,val_661,val_662,val_663,val_664,val_665,val_666,val_667,val_668,val_669,val_670,val_671,val_672,val_673,val_674,val_675,val_676,val_677,val_678,val_679,val_680,val_681,val_682,val_683,val_684,val_685,val_686,val_687,val_688,val_689,val_690,val_691,val_692,val_693,val_694,val_695,val_696,val_697,val_698,val_699,val_700,val_701,val_702,val_703,val_704,val_705,val_706,val_707,val_708,val_709,val_710,val_711,val_712,val_713,val_714,val_715,val_716,val_717,val_718,val_719,val_720,val_721,val_722,val_723,val_724,val_725,val_726,val_727,val_728,val_729,val_730,val_731,val_732,val_733,val_734,val_735,val_736,val_737,val_738,val_739,val_740,val_741,val_742,val_743,val_744,val_745,val_746,val_747,val_748,val_749,val_750,val_751,val_752,val_753,val_754,val_755,val_756,val_757,val_758,val_759,val_760,val_761,val_762,val_763,val_764,val_765,val_766,val_767,val_768,val_769,val_770,val_771,val_772,val_773,val_774,val_775,val_776,val_777,val_778,val_779,val_780,val_781,val_782,val_783,val_784,val_785,val_786,val_787,val_788,val_789,val_790,val_791,val_792,val_793,val_794,val_795,val_796,val_797,val_798,val_799,val_800,val_801,val_802,val_803,val_804,val_805,val_806,val_807,val_808,val_809,val_810,val_811,val_812,val_813,val_814,val_815,val_816,val_817,val_818,val_819,val_820,val_821,val_822,val_823,val_824,val_825,val_826,val_827,val_828,val_829,val_830,val_831,val_832,val_833,val_834,val_835,val_836,val_837,val_838,val_839,val_840,val_841,val_842,val_843,val_844,val_845,val_846,val_847,val_848,val_849,val_850,val_851,val_852,val_853,val_854,val_855,val_856,val_857,val_858,val_859,val_860,val_861,val_862,val_863,val_864,val_865,val_866,val_867,val_868,val_869,val_870,val_871,val_872,val_873,val_874,val_875,val_876,val_877,val_878,val_879,val_880,val_881,val_882,val_883,val_884,val_885,val_886,val_887,val_888,val_889,val_890,val_891,val_892,val_893,val_894,val_895,val_896,val_897,val_898,val_899,val_900,val_901,val_902,val_903,val_904,val_905,val_906,val_907,val_908,val_909,val_910,val_911,val_912,val_913,val_914,val_915,val_916,val_917,val_918,val_919,val_920,val_921,val_922,val_923,val_924,val_925,val_926,val_927,val_928,val_929,val_930,val_931,val_932,val_933,val_934,val_935,val_936,val_937,val_938,val_939,val_940,val_941,val_942,val_943,val_944,val_945,val_946,val_947,val_948,val_949,val_950,val_951,val_952,val_953,val_954,val_955,val_956,val_957,val_958,val_959,val_960,val_961,val_962,val_963,val_964,val_965,val_966,val_967,val_968,val_969,val_970,val_971,val_972,val_973,val_974,val_975,val_976,val_977,val_978,val_979,val_980,val_981,val_982,val_983,val_984,val_985,val_986,val_987,val_988,val_989,val_990,val_991,val_992,val_993,val_994,val_995,val_996,val_997,val_998,val_999,val_1000,val_1001,val_1002,val_1003,val_1004,val_1005,val_1006,val_1007,val_1008,val_1009,val_1010,val_1011,val_1012,val_1013,val_1014,val_1015,val_1016,val_1017,val_1018,val_1019,val_1020,val_1021,val_1022,val_1023,val_1024,val_1025,val_1026,val_1027,val_1028,val_1029,val_1030,val_1031,val_1032,val_1033,val_1034,val_1035,val_1036,val_1037,val_1038,val_1039,val_1040,val_1041,val_1042,val_1043,val_1044,val_1045,val_1046,val_1047,val_1048,val_1049,val_1050,val_1051,val_1052,val_1053,val_1054,val_1055,val_1056,val_1057,val_1058,val_1059,val_1060,val_1061,val_1062,val_1063,val_1064,val_1065,val_1066,val_1067,val_1068,val_1069,val_1070,val_1071,val_1072,val_1073,val_1074,val_1075,val_1076,val_1077,val_1078,val_1079,val_1080,val_1081,val_1082,val_1083,val_1084,val_1085,val_1086,val_1087,val_1088,val_1089,val_1090,val_1091,val_1092,val_1093,val_1094,val_1095,val_1096,val_1097,val_1098,val_1099,val_1100,val_1101,val_1102,val_1103,val_1104,val_1105,val_1106,val_1107,val_1108,val_1109,val_1110,val_1111,val_1112,val_1113,val_1114,val_1115,val_1116,val_1117,val_1118,val_1119,val_1120,val_1121,val_1122,val_1123,val_1124,val_1125,val_1126,val_1127,val_1128,val_1129,val_1130,val_1131,val_1132,val_1133,val_1134,val_1135,val_1136,val_1137,val_1138,val_1139,val_1140,val_1141,val_1142,val_1143,val_1144,val_1145,val_1146,val_1147,val_1148,val_1149,val_1150,val_1151,val_1152,val_1153,val_1154,val_1155,val_1156,val_1157,val_1158,val_1159,val_1160,val_1161,val_1162,val_1163,val_1164,val_1165,val_1166,val_1167,val_1168,val_1169,val_1170,val_1171,val_1172,val_1173,val_1174,val_1175,val_1176,val_1177,val_1178,val_1179,val_1180,val_1181,val_1182,val_1183,val_1184,val_1185,val_1186,val_1187,val_1188,val_1189,val_1190,val_1191,val_1192,val_1193,val_1194,val_1195,val_1196,val_1197,val_1198,val_1199,val_1200,val_1201,val_1202,val_1203,val_1204,val_1205,val_1206,val_1207,val_1208,val_1209,val_1210,val_1211,val_1212,val_1213,val_1214,val_1215,val_1216,val_1217,val_1218,val_1219,val_1220,val_1221,val_1222,val_1223,val_1224,val_1225,val_1226,val_1227,val_1228,val_1229,val_1230,val_1231,val_1232,val_1233,val_1234,val_1235,val_1236,val_1237,val_1238,val_1239,val_1240,val_1241,val_1242,val_1243,val_1244,val_1245,val_1246,val_1247,val_1248,val_1249,val_1250,val_1251,val_1252,val_1253,val_1254,val_1255,val_1256,val_1257,val_1258,val_1259,val_1260,val_1261,val_1262,val_1263,val_1264,val_1265,val_1266,val_1267,val_1268,val_1269,val_1270,val_1271,val_1272,val_1273,val_1274,val_1275,val_1276,val_1277,val_1278,val_1279,val_1280,val_1281,val_1282,val_1283,val_1284,val_1285,val_1286,val_1287,val_1288,val_1289,val_1290,val_1291,val_1292,val_1293,val_1294,val_1295,val_1296,val_1297,val_1298,val_1299,val_1300,val_1301,val_1302,val_1303,val_1304,val_1305,val_1306,val_1307,val_1308,val_1309,val_1310,val_1311,val_1312,val_1313,val_1314,val_1315,val_1316,val_1317,val_1318,val_1319,val_1320,val_1321,val_1322,val_1323,val_1324,val_1325,val_1326,val_1327,val_1328,val_1329,val_1330,val_1331,val_1332,val_1333,val_1334,val_1335,val_1336,val_1337,val_1338,val_1339,val_1340,val_1341,val_1342,val_1343,val_1344,val_1345,val_1346,val_1347,val_1348,val_1349,val_1350,val_1351,val_1352,val_1353,val_1354,val_1355,val_1356,val_1357,val_1358,val_1359,val_1360,val_1361,val_1362,val_1363,val_1364,val_1365,val_1366,val_1367,val_1368,val_1369,val_1370,val_1371,val_1372,val_1373,val_1374,val_1375,val_1376,val_1377,val_1378,val_1379,val_1380,val_1381,val_1382,val_1383,val_1384,val_1385,val_1386,val_1387,val_1388,val_1389,val_1390,val_1391,val_1392,val_1393,val_1394,val_1395,val_1396,val_1397,val_1398,val_1399,val_1400,val_1401,val_1402,val_1403,val_1404,val_1405,val_1406,val_1407,val_1408,val_1409,val_1410,val_1411,val_1412,val_1413,val_1414,val_1415,val_1416,val_1417,val_1418,val_1419,val_1420,val_1421,val_1422,val_1423,val_1424,val_1425,val_1426,val_1427,val_1428,val_1429,val_1430,val_1431,val_1432,val_1433,val_1434,val_1435,val_1436,val_1437,val_1438,val_1439,val_1440,val_1441,val_1442,val_1443,val_1444,val_1445,val_1446,val_1447,val_1448,val_1449,val_1450,val_1451,val_1452,val_1453,val_1454,val_1455,val_1456,val_1457,val_1458,val_1459,val_1460,val_1461,val_1462,val_1463,val_1464,val_1465,val_1466,val_1467,val_1468,val_1469,val_1470,val_1471,val_1472,val_1473,val_1474,val_1475,val_1476,val_1477,val_1478,val_1479,val_1480,val_1481,val_1482,val_1483,val_1484,val_1485,val_1486,val_1487,val_1488,val_1489,val_1490,val_1491,val_1492,val_1493,val_1494,val_1495,val_1496,val_1497,val_1498,val_1499,val_1500,val_1501,val_1502,val_1503,val_1504,val_1505,val_1506,val_1507,val_1508,val_1509,val_1510,val_1511,val_1512,val_1513,val_1514,val_1515,val_1516,val_1517,val_1518,val_1519,val_1520,val_1521,val_1522,val_1523,val_1524,val_1525,val_1526,val_1527,val_1528,val_1529,val_1530,val_1531,val_1532,val_1533,val_1534,val_1535,val_1536,val_1537,val_1538,val_1539,val_1540,val_1541,val_1542,val_1543,val_1544,val_1545,val_1546,val_1547,val_1548,val_1549,val_1550,val_1551,val_1552,val_1553,val_1554,val_1555,val_1556,val_1557,val_1558,val_1559,val_1560,val_1561,val_1562,val_1563,val_1564,val_1565,val_1566,val_1567,val_1568,val_1569,val_1570,val_1571,val_1572,val_1573,val_1574,val_1575,val_1576,val_1577,val_1578,val_1579,val_1580,val_1581,val_1582,val_1583,val_1584,val_1585,val_1586,val_1587,val_1588,val_1589,val_1590,val_1591,val_1592,val_1593,val_1594,val_1595,val_1596,val_1597,val_1598,val_1599,val_1600,val_1601,val_1602,val_1603,val_1604,val_1605,val_1606,val_1607,val_1608,val_1609,val_1610,val_1611,val_1612,val_1613,val_1614,val_1615,val_1616,val_1617,val_1618,val_1619,val_1620,val_1621,val_1622,val_1623,val_1624,val_1625,val_1626,val_1627,val_1628,val_1629,val_1630,val_1631,val_1632,val_1633,val_1634,val_1635,val_1636,val_1637,val_1638,val_1639,val_1640,val_1641,val_1642,val_1643,val_1644,val_1645,val_1646,val_1647,val_1648,val_1649,val_1650,val_1651,val_1652,val_1653,val_1654,val_1655,val_1656,val_1657,val_1658,val_1659,val_1660,val_1661,val_1662,val_1663,val_1664,val_1665,val_1666,val_1667,val_1668,val_1669,val_1670,val_1671,val_1672,val_1673,val_1674,val_1675,val_1676,val_1677,val_1678,val_1679,val_1680,val_1681,val_1682,val_1683,val_1684,val_1685,val_1686,val_1687,val_1688,val_1689,val_1690,val_1691,val_1692,val_1693,val_1694,val_1695,val_1696,val_1697,val_1698,val_1699,val_1700,val_1701,val_1702,val_1703,val_1704,val_1705,val_1706,val_1707,val_1708,val_1709,val_1710,val_1711,val_1712,val_1713,val_1714,val_1715,val_1716,val_1717,val_1718,val_1719,val_1720,val_1721,val_1722,val_1723,val_1724,val_1725,val_1726,val_1727,val_1728,val_1729,val_1730,val_1731,val_1732,val_1733,val_1734,val_1735,val_1736,val_1737,val_1738,val_1739,val_1740,val_1741,val_1742,val_1743,val_1744,val_1745,val_1746,val_1747,val_1748,val_1749,val_1750,val_1751,val_1752,val_1753,val_1754,val_1755,val_1756,val_1757,val_1758,val_1759,val_1760,val_1761,val_1762,val_1763,val_1764,val_1765,val_1766,val_1767,val_1768,val_1769,val_1770,val_1771,val_1772,val_1773,val_1774,val_1775,val_1776,val_1777,val_1778,val_1779,val_1780,val_1781,val_1782,val_1783,val_1784,val_1785,val_1786,val_1787,val_1788,val_1789,val_1790,val_1791,val_1792,val_1793,val_1794,val_1795,val_1796,val_1797,val_1798,val_1799,val_1800,val_1801,val_1802,val_1803,val_1804,val_1805,val_1806,val_1807,val_1808,val_1809,val_1810,val_1811,val_1812,val_1813,val_1814,val_1815,val_1816,val_1817,val_1818,val_1819,val_1820,val_1821,val_1822,val_1823,val_1824,val_1825,val_1826,val_1827,val_1828,val_1829,val_1830,val_1831,val_1832,val_1833,val_1834,val_1835,val_1836,val_1837,val_1838,val_1839,val_1840,val_1841,val_1842,val_1843,val_1844,val_1845,val_1846,val_1847,val_1848,val_1849,val_1850,val_1851,val_1852,val_1853,val_1854,val_1855,val_1856,val_1857,val_1858,val_1859,val_1860,val_1861,val_1862,val_1863,val_1864,val_1865,val_1866,val_1867,val_1868,val_1869,val_1870,val_1871,val_1872,val_1873,val_1874,val_1875,val_1876,val_1877,val_1878,val_1879,val_1880,val_1881,val_1882,val_1883,val_1884,val_1885,val_1886,val_1887,val_1888,val_1889,val_1890,val_1891,val_1892,val_1893,val_1894,val_1895,val_1896,val_1897,val_1898,val_1899,val_1900,val_1901,val_1902,val_1903,val_1904,val_1905,val_1906,val_1907,val_1908,val_1909,val_1910,val_1911,val_1912,val_1913,val_1914,val_1915,val_1916,val_1917,val_1918,val_1919,val_1920,val_1921,val_1922,val_1923,val_1924,val_1925,val_1926,val_1927,val_1928,val_1929,val_1930,val_1931,val_1932,val_1933,val_1934,val_1935,val_1936,val_1937,val_1938,val_1939,val_1940,val_1941,val_1942,val_1943,val_1944,val_1945,val_1946,val_1947,val_1948,val_1949,val_1950,val_1951,val_1952,val_1953,val_1954,val_1955,val_1956,val_1957,val_1958,val_1959,val_1960,val_1961,val_1962,val_1963,val_1964,val_1965,val_1966,val_1967,val_1968,val_1969,val_1970,val_1971,val_1972,val_1973,val_1974,val_1975,val_1976,val_1977,val_1978,val_1979,val_1980,val_1981,val_1982,val_1983,val_1984,val_1985,val_1986,val_1987,val_1988,val_1989,val_1990,val_1991,val_1992,val_1993,val_1994,val_1995,val_1996,val_1997,val_1998,val_1999,val_2000,val_2001,val_2002,val_2003,val_2004,val_2005,val_2006,val_2007,val_2008,val_2009,val_2010,val_2011,val_2012,val_2013,val_2014,val_2015,val_2016,val_2017,val_2018,val_2019,val_2020,val_2021,val_2022,val_2023,val_2024,val_2025,val_2026,val_2027,val_2028,val_2029,val_2030,val_2031,val_2032,val_2033,val_2034,val_2035,val_2036,val_2037,val_2038,val_2039,val_2040,val_2041,val_2042,val_2043,val_2044,val_2045,val_2046,val_2047,val_2048,val_2049,val_2050,val_2051,val_2052,val_2053,val_2054,val_2055,val_2056,val_2057,val_2058,val_2059,val_2060,val_2061,val_2062,val_2063,val_2064,val_2065,val_2066,val_2067,val_2068,val_2069,val_2070,val_2071,val_2072,val_2073,val_2074,val_2075,val_2076,val_2077,val_2078,val_2079,val_2080,val_2081,val_2082,val_2083,val_2084,val_2085,val_2086,val_2087,val_2088,val_2089,val_2090,val_2091,val_2092,val_2093,val_2094,val_2095,val_2096,val_2097,val_2098,val_2099,val_2100,val_2101,val_2102,val_2103,val_2104,val_2105,val_2106,val_2107,val_2108,val_2109,val_2110,val_2111,val_2112,val_2113,val_2114,val_2115,val_2116,val_2117,val_2118,val_2119,val_2120,val_2121,val_2122,val_2123,val_2124,val_2125,val_2126,val_2127,val_2128,val_2129,val_2130,val_2131,val_2132,val_2133,val_2134,val_2135,val_2136,val_2137,val_2138,val_2139,val_2140,val_2141,val_2142,val_2143,val_2144,val_2145,val_2146,val_2147,val_2148,val_2149,val_2150,val_2151,val_2152,val_2153,val_2154,val_2155,val_2156,val_2157,val_2158,val_2159,val_2160,val_2161,val_2162,val_2163,val_2164,val_2165,val_2166,val_2167,val_2168,val_2169,val_2170,val_2171,val_2172,val_2173,val_2174,val_2175,val_2176,val_2177,val_2178,val_2179,val_2180,val_2181,val_2182,val_2183,val_2184,val_2185,val_2186,val_2187,val_2188,val_2189,val_2190,val_2191,val_2192,val_2193,val_2194,val_2195,val_2196,val_2197,val_2198,val_2199,val_2200,val_2201,val_2202,val_2203,val_2204,val_2205,val_2206,val_2207,val_2208,val_2209,val_2210,val_2211,val_2212,val_2213,val_2214,val_2215,val_2216,val_2217,val_2218,val_2219,val_2220,val_2221,val_2222,val_2223,val_2224,val_2225,val_2226,val_2227,val_2228,val_2229,val_2230,val_2231,val_2232,val_2233,val_2234,val_2235,val_2236,val_2237,val_2238,val_2239,val_2240,val_2241,val_2242,val_2243,val_2244,val_2245,val_2246,val_2247,val_2248,val_2249,val_2250,val_2251,val_2252,val_2253,val_2254,val_2255,val_2256,val_2257,val_2258,val_2259,val_2260,val_2261,val_2262,val_2263,val_2264,val_2265,val_2266,val_2267,val_2268,val_2269,val_2270,val_2271,val_2272,val_2273,val_2274,val_2275,val_2276,val_2277,val_2278,val_2279,val_2280,val_2281,val_2282,val_2283,val_2284,val_2285,val_2286,val_2287,val_2288,val_2289,val_2290,val_2291,val_2292,val_2293,val_2294,val_2295,val_2296,val_2297,val_2298,val_2299,val_2300,val_2301,val_2302,val_2303
2020-05-11.out.0,0.0,1.354314,-1.0102282,-0.3001848,1.3542218,-1.0102367,-0.3001778,1.3543352,-1.0102367,-0.3002912,1.354321,-1.0102381,-0.3002841,1.3542714,-1.0102381,-0.3002345,1.3542643,-1.010236,-0.3002132,1.354314,-1.010236,-0.3002699,1.3543423,-1.0102403,-0.3003337,1.3542502,-1.0102381,-0.3002274,1.3542431,-1.0102388,-0.3002203,1.354314,-1.0102431,-0.3003337,1.3542147,-1.0102509,-0.3003124,1.3542785,-1.0102559,-0.3004187,1.3544415,-1.0102707,-0.3007306,1.3543423,-1.0103026,-0.3009291,1.3542785,-1.0103111,-0.3009432,1.3543636,-1.0103203,-0.3011204,1.3544415,-1.0103317,-0.3013118,1.354399,-1.0103388,-0.301326,1.3543565,-1.010343,-0.301326,1.3543494,-1.0103374,-0.3012693,1.3543636,-1.0103374,-0.3012835,1.3543069,-1.0103487,-0.3013331,1.3541864,-1.0103622,-0.3013402,1.3544061,-1.01036,-0.3015386,1.3542289,-1.0103863,-0.3016166,1.3543281,-1.0103934,-0.3017725,1.354321,-1.0103955,-0.3017867,1.3542573,-1.0103756,-0.3015386,1.3542785,-1.0103615,-0.3014181,1.3543069,-1.0103657,-0.301489,1.3542289,-1.0103657,-0.3014181,1.3542714,-1.0103742,-0.3015386,1.3543565,-1.0103693,-0.3015741,1.3544344,-1.0103749,-0.3017016,1.3543352,-1.0103934,-0.3017867,1.354321,-1.0103841,-0.3016875,1.3542856,-1.0103834,-0.3016378,1.3543636,-1.0103813,-0.3016945,1.3543494,-1.0103799,-0.3016733,1.354314,-1.010382,-0.301652,1.3542856,-1.0103756,-0.301567,1.3542643,-1.0103763,-0.3015528,1.3543069,-1.0103678,-0.3015174,1.3542998,-1.0103579,-0.3014181,1.3542218,-1.0103742,-0.301489,1.3543423,-1.0103834,-0.3016945,1.3543352,-1.0103841,-0.3016945,1.3543919,-1.0103919,-0.3018292,1.3543352,-1.0103856,-0.3017087,1.3543423,-1.0103856,-0.3017229,1.354314,-1.0103856,-0.3016804,1.3543636,-1.0103841,-0.3017229,1.3544982,-1.0104153,-0.3021623,1.3544132,-1.0104104,-0.3020277,1.3543848,-1.0104132,-0.3020277,1.3543494,-1.0104026,-0.3018859,1.3542998,-1.0103997,-0.301808,1.3542927,-1.0104146,-0.3019426,1.3543352,-1.0104118,-0.3019568,1.3545408,-1.0104089,-0.3021482,1.3544061,-1.0104175,-0.3020915,1.3544557,-1.0104217,-0.3021765,1.3543636,-1.010426,-0.3021269,1.354314,-1.0104153,-0.3019781,1.3543281,-1.0104167,-0.3019993,1.3543423,-1.0104139,-0.3019851,1.3544344,-1.0104203,-0.302134,1.3544911,-1.010426,-0.3022545,1.3542927,-1.0104196,-0.3019851,1.354236,-1.0104104,-0.3018434,1.3543423,-1.0104146,-0.3019922,1.3543352,-1.0104167,-0.3020135,1.3544344,-1.0104175,-0.3021127,1.3543848,-1.0104217,-0.3021056,1.3543919,-1.0104288,-0.3021765,1.3543636,-1.010421,-0.3020773,1.3543919,-1.0104224,-0.3021198,1.3543352,-1.0104387,-0.302219,1.3543919,-1.010433,-0.3022261,1.3543777,-1.0104302,-0.3021765,1.3544486,-1.010426,-0.3022049,1.3543919,-1.010426,-0.3021553,1.3543919,-1.010433,-0.302219,1.3544061,-1.0104508,-0.3024033,1.3544415,-1.0104458,-0.3023892,1.3546683,-1.0104685,-0.3028357,1.3544061,-1.0104706,-0.3025947,1.3545337,-1.0104827,-0.3028357,1.3545762,-1.0104947,-0.3029916,1.3544628,-1.0104954,-0.3028853,1.3544982,-1.010499,-0.3029562,1.3545266,-1.010489,-0.3028924,1.3543919,-1.0105018,-0.3028782,1.3545053,-1.0105195,-0.3031617,1.3544911,-1.010516,-0.3031121,1.3544699,-1.0105075,-0.3030129,1.3544628,-1.0105075,-0.3029987,1.3545762,-1.010516,-0.3032043,1.3545691,-1.0105238,-0.303268,1.3545691,-1.0105231,-0.3032539,1.3545408,-1.0105153,-0.3031546,1.3544628,-1.0105252,-0.3031688,1.3546046,-1.0105436,-0.3034878,1.3545408,-1.0105443,-0.3034381,1.3545337,-1.0105457,-0.3034381,1.3545337,-1.0105472,-0.3034523,1.3545053,-1.0105493,-0.3034381,1.3544699,-1.0105415,-0.3033318,1.3544557,-1.0105337,-0.3032397,1.354477,-1.0105372,-0.3032964,1.3545266,-1.0105372,-0.303346,1.3545053,-1.0105457,-0.3034098,1.3545762,-1.0105493,-0.3035161,1.3545691,-1.0105472,-0.3034878,1.3545549,-1.0105472,-0.3034665,1.3545833,-1.0105613,-0.3036366,1.354562,-1.0105663,-0.303665,1.3545479,-1.0105663,-0.3036508,1.3545266,-1.0105677,-0.3036366,1.3545266,-1.0105663,-0.3036295,1.3545266,-1.0105684,-0.3036437,1.3544982,-1.0105663,-0.3035941,1.3545124,-1.0105656,-0.3036012,1.3545408,-1.0105613,-0.303587,1.3545195,-1.0105635,-0.3035941,1.3544982,-1.0105585,-0.3035303,1.3545124,-1.0105585,-0.3035374,1.3544982,-1.0105542,-0.3034878,1.3545124,-1.0105493,-0.3034452,1.3546116,-1.0105493,-0.3035445,1.3545762,-1.0105521,-0.3035445,1.3545549,-1.0105635,-0.3036224,1.3545266,-1.0105656,-0.3036224,1.3544982,-1.010562,-0.3035586,1.3545053,-1.0105585,-0.3035374,1.3545762,-1.0105599,-0.3036153,1.354562,-1.0105599,-0.3035941,1.3545904,-1.0105713,-0.3037287,1.35464,-1.0105805,-0.3038776,1.3546542,-1.0105819,-0.3038989,1.3546046,-1.0105847,-0.3038847,1.3545691,-1.0105876,-0.3038705,1.3545904,-1.0105897,-0.303913,1.3545124,-1.0106003,-0.3039272,1.3545549,-1.0106017,-0.3039839,1.3545833,-1.0105925,-0.3039272,1.3545904,-1.0105847,-0.3038705,1.3545904,-1.0105946,-0.3039556,1.3545124,-1.0105982,-0.303913,1.3545762,-1.0105946,-0.3039485,1.3546046,-1.0105904,-0.3039272,1.3546258,-1.0105876,-0.3039272,1.3545691,-1.0105918,-0.303913,1.354562,-1.0105925,-0.303913,1.3545833,-1.0105982,-0.3039839,1.3545691,-1.0106003,-0.3039981,1.3546258,-1.0106102,-0.3041469,1.3545833,-1.0106067,-0.304069,1.354562,-1.0106039,-0.3040123,1.354562,-1.0105968,-0.3039556,1.3546258,-1.0105961,-0.3040123,1.354562,-1.0106046,-0.3040264,1.3546683,-1.0106088,-0.3041824,1.3546046,-1.0106081,-0.3041044,1.3545337,-1.0106003,-0.3039556,1.3545408,-1.0105932,-0.3038918,1.3546046,-1.0105897,-0.3039272,1.3546329,-1.0105939,-0.3039981,1.3545833,-1.0105961,-0.3039697,1.3546825,-1.0106102,-0.3042036,1.3546329,-1.0106166,-0.3042107,1.3546329,-1.0106145,-0.3041895,1.3546187,-1.0106145,-0.3041824,1.3546825,-1.0106187,-0.3042816,1.3546896,-1.0106187,-0.3042887,1.3546683,-1.0106209,-0.3042958,1.354725,-1.0106251,-0.3043808,1.3546613,-1.0106308,-0.3043737,1.3546754,-1.0106428,-0.3045013,1.3546825,-1.0106414,-0.3045013,1.3546754,-1.0106414,-0.3044871,1.3546754,-1.0106386,-0.3044588,1.3546825,-1.0106464,-0.3045438,1.3546471,-1.010645,-0.3045013,1.3546187,-1.0106393,-0.3044092,1.3546683,-1.0106407,-0.3044801,1.3546683,-1.0106528,-0.3045864,1.3546542,-1.0106485,-0.3045368,1.3546754,-1.0106528,-0.3045935,1.3547109,-1.0106549,-0.3046573,1.3546683,-1.0106492,-0.304558,1.3546542,-1.0106464,-0.3045155,1.3546825,-1.0106393,-0.304473,1.35464,-1.0106407,-0.3044446,1.3546329,-1.0106407,-0.3044375,1.3546967,-1.0106428,-0.3045155,1.3546613,-1.0106514,-0.3045722,1.3546896,-1.0106528,-0.3046076,1.3547392,-1.0106514,-0.3046431,1.3546967,-1.0106485,-0.3045722,1.3546896,-1.0106506,-0.3045864,1.3546967,-1.0106506,-0.3045935,1.3546754,-1.0106471,-0.3045438,1.354725,-1.010645,-0.3045722,1.3547038,-1.0106514,-0.3046147,1.3547321,-1.0106556,-0.3046856,1.3546613,-1.0106606,-0.3046573,1.3546542,-1.0106691,-0.3047352,1.3547676,-1.0106698,-0.3048557,1.3546683,-1.0106776,-0.3048344,1.3547109,-1.0106712,-0.3048132,1.3547109,-1.0106818,-0.3049124,1.3547109,-1.0106854,-0.3049479,1.3547038,-1.0106818,-0.3049053,1.354718,-1.0106861,-0.3049549,1.354725,-1.0106854,-0.3049549,1.3547676,-1.0106896,-0.30504,1.3547321,-1.0106903,-0.3050116,1.3547038,-1.0106932,-0.3050116,1.3547392,-1.0106932,-0.3050471,1.3546329,-1.0107038,-0.30504,1.354725,-1.0106939,-0.30504,1.3547038,-1.0106932,-0.3050116,1.3547109,-1.010691,-0.3049975,1.3547109,-1.0106918,-0.3050116,1.3546967,-1.0106918,-0.3049975,1.3546825,-1.0106896,-0.3049549,1.3547463,-1.0106832,-0.304962,1.354718,-1.0106854,-0.3049479,1.3547321,-1.0106889,-0.3049975,1.354803,-1.0106868,-0.3050471,1.3547321,-1.0107102,-0.305203,1.3547959,-1.0107081,-0.3052526,1.3548314,-1.0107137,-0.3053306,1.3547888,-1.0107236,-0.3053873,1.3547817,-1.0107236,-0.3053802,1.3547959,-1.0107194,-0.3053519,1.3547321,-1.010718,-0.3052739,1.3547605,-1.0107201,-0.3053306,1.354803,-1.0107201,-0.3053731,1.3548314,-1.0107329,-0.305522,1.3548172,-1.0107364,-0.3055361,1.3547747,-1.0107399,-0.3055291,1.354803,-1.0107399,-0.3055574,1.3547605,-1.0107378,-0.3054936,1.3547605,-1.0107329,-0.3054511,1.3548243,-1.0107407,-0.3055858,1.3547321,-1.0107421,-0.3055078,1.3547534,-1.0107442,-0.3055432,1.3547817,-1.0107421,-0.3055574,1.3547534,-1.0107428,-0.3055361,1.3547747,-1.0107399,-0.3055291,1.3548172,-1.0107463,-0.3056354,1.3547817,-1.0107385,-0.305522,1.3547747,-1.01073,-0.3054369,1.3547817,-1.0107322,-0.3054582,1.3547747,-1.01073,-0.3054298,1.3547888,-1.0107293,-0.305444,1.3548668,-1.0107506,-0.3057204,1.354881,-1.0107399,-0.3056425,1.3547959,-1.010752,-0.3056637,1.3548101,-1.0107463,-0.3056283,1.3548172,-1.0107477,-0.3056425,1.3547747,-1.010752,-0.3056425,1.3548314,-1.0107669,-0.3058409,1.3547676,-1.010764,-0.3057559,1.3547817,-1.0107605,-0.3057275,1.3548314,-1.0107605,-0.3057842,1.354803,-1.0107584,-0.3057275,1.3547817,-1.0107577,-0.3056992,1.354803,-1.0107619,-0.30577,1.354803,-1.0107619,-0.3057629,1.3547747,-1.0107626,-0.3057559,1.3547959,-1.0107562,-0.3057062,1.3548739,-1.0107626,-0.305848,1.3548101,-1.0107726,-0.3058693,1.354803,-1.0107648,-0.3057984,1.354803,-1.0107669,-0.3058197,1.3548101,-1.0107662,-0.3058126,1.3547959,-1.0107619,-0.3057559,1.3548101,-1.0107619,-0.30577,1.3548101,-1.0107669,-0.3058197,1.3547959,-1.0107683,-0.3058197,1.3548172,-1.010764,-0.3057984,1.3548101,-1.0107704,-0.305848,1.3547888,-1.0107683,-0.3058126,1.3548526,-1.0107584,-0.3057842,1.3547534,-1.0107683,-0.30577,1.3548101,-1.0107605,-0.3057629,1.3547888,-1.0107591,-0.3057204,1.3548597,-1.0107562,-0.30577,1.3548739,-1.0107605,-0.3058197,1.3548385,-1.0107562,-0.3057488,1.3548597,-1.0107626,-0.3058267,1.354803,-1.0107704,-0.305848,1.3548526,-1.0107704,-0.3058976,1.3548101,-1.0107619,-0.3057771,1.3548101,-1.0107626,-0.3057771,1.3548314,-1.0107768,-0.3059401,1.3548668,-1.0107747,-0.3059543,1.3547817,-1.0107761,-0.3058764,1.3548526,-1.0107761,-0.3059472,1.3548172,-1.0107803,-0.3059543,1.3547959,-1.0107782,-0.3059118,1.3547463,-1.0107733,-0.3058197,1.3547888,-1.0107726,-0.3058551,1.3548243,-1.010774,-0.3059047,1.3547817,-1.0107825,-0.3059401,1.354881,-1.0107832,-0.3060535,1.3548597,-1.0107903,-0.306089,1.3548881,-1.010791,-0.3061244,1.3547959,-1.0107945,-0.3060677,1.3548314,-1.0107945,-0.3061032,1.3548455,-1.0107931,-0.3061103,1.3548172,-1.0107903,-0.3060465,1.3548314,-1.0107867,-0.3060323,1.3548385,-1.0107853,-0.3060252,1.3548668,-1.0107846,-0.3060465,1.3548739,-1.0107867,-0.3060748,1.3548314,-1.0107924,-0.3060819,1.3548881,-1.0107931,-0.3061528,1.3548526,-1.0108052,-0.3062307,1.3548739,-1.0108059,-0.3062591,1.3548597,-1.0108059,-0.3062449,1.3548668,-1.0108137,-0.3063229,1.3548455,-1.0108115,-0.3062804,1.354881,-1.0108236,-0.3064363,1.3548668,-1.0108243,-0.3064221,1.3548668,-1.010825,-0.3064292,1.3548668,-1.0108193,-0.3063796,1.3548881,-1.0108151,-0.3063583,1.354966,-1.0108257,-0.3065355,1.3548881,-1.0108321,-0.3065213,1.3549377,-1.0108335,-0.3065851,1.3549164,-1.0108342,-0.306578,1.3549093,-1.0108356,-0.306571,1.3548668,-1.0108314,-0.306493,1.3548952,-1.0108335,-0.3065355,1.354881,-1.0108342,-0.3065355,1.3549093,-1.0108342,-0.306571,1.3548881,-1.0108293,-0.306493,1.3549164,-1.0108278,-0.3065143,1.3549235,-1.01083,-0.3065355,1.3549022,-1.0108278,-0.3065001,1.3549093,-1.010825,-0.3064788,1.3549164,-1.0108264,-0.306493,1.3548952,-1.0108335,-0.3065426,1.3549306,-1.0108321,-0.306571,1.3548952,-1.0108321,-0.3065355,1.3548881,-1.0108314,-0.3065143,1.3549093,-1.0108271,-0.306493,1.3549093,-1.0108271,-0.306493,1.3549306,-1.0108293,-0.3065355,1.3549519,-1.0108342,-0.3066135,1.3549377,-1.0108314,-0.3065639,1.3549093,-1.010825,-0.3064788,1.3549448,-1.0108236,-0.306493,1.3549235,-1.0108278,-0.3065213,1.3549235,-1.0108257,-0.306493,1.3549235,-1.0108207,-0.3064505,1.3550015,-1.0108293,-0.3066135,1.354966,-1.0108378,-0.306656,1.3549589,-1.0108441,-0.3067127,1.354966,-1.0108463,-0.306734,1.3549589,-1.0108434,-0.3066985,1.3549377,-1.0108456,-0.3066985,1.3549448,-1.0108512,-0.3067552,1.3549731,-1.0108512,-0.3067907,1.3549448,-1.0108534,-0.3067765,1.3549873,-1.0108534,-0.306819,1.354966,-1.0108562,-0.3068332,1.3549731,-1.0108534,-0.3068049,1.3549519,-1.0108512,-0.3067623,1.3549164,-1.0108512,-0.306734,1.3550653,-1.0108562,-0.3069253,1.3549944,-1.0108541,-0.3068332,1.3550936,-1.0108619,-0.3070175,1.3550582,-1.0108682,-0.3070458,1.3550298,-1.0108675,-0.3070033,1.3550794,-1.0108697,-0.3070742,1.3550653,-1.0108775,-0.3071309,1.355044,-1.0108775,-0.3071025,1.3550156,-1.0108725,-0.3070388,1.3550369,-1.0108718,-0.3070458,1.3550511,-1.0108704,-0.30706,1.3550156,-1.0108675,-0.3069891,1.3550582,-1.010864,-0.3069962,1.3550156,-1.0108633,-0.3069466,1.3551078,-1.0108704,-0.3071096,1.3550723,-1.0108746,-0.3071238,1.3550723,-1.0108725,-0.3070955,1.3550936,-1.0108746,-0.307138,1.3550794,-1.0108739,-0.3071238,1.3550865,-1.0108718,-0.3070955,1.3550369,-1.0108739,-0.3070742,1.355044,-1.0108704,-0.3070458,1.3550723,-1.0108697,-0.3070671,1.3550582,-1.0108725,-0.3070884,1.3550653,-1.010876,-0.3071238,1.3550794,-1.0108746,-0.3071238,1.3550794,-1.010876,-0.3071309,1.3550723,-1.010876,-0.3071238,1.3550794,-1.0108796,-0.3071663,1.3550865,-1.0108782,-0.3071592,1.3551078,-1.0108746,-0.3071522,1.3550794,-1.0108817,-0.3071876,1.3550936,-1.0108845,-0.3072301,1.3550653,-1.0108824,-0.3071876,1.3550723,-1.0108803,-0.3071663,1.3550936,-1.0108775,-0.3071592,1.355044,-1.0108775,-0.3071167,1.3551149,-1.0108838,-0.3072443,1.3550723,-1.0108838,-0.3072018,1.3551149,-1.0108817,-0.3072301,1.3550865,-1.0108817,-0.3071947,1.3550723,-1.0108845,-0.3072159,1.3550511,-1.0108845,-0.3071876,1.3550653,-1.0108817,-0.3071734,1.3550865,-1.0108782,-0.3071592,1.355044,-1.0108782,-0.3071238,1.3551361,-1.0108775,-0.3072018,1.3551291,-1.0108838,-0.3072585,1.3551503,-1.0108881,-0.3073152,1.3553417,-1.0108902,-0.3075349,1.3552212,-1.0109001,-0.3074995,1.3551858,-1.0109051,-0.3075207,1.3551716,-1.0109086,-0.3075349,1.3550936,-1.010903,-0.3074073,1.3551503,-1.010898,-0.3074073,1.3551928,-1.0108987,-0.307464,1.3551787,-1.0109065,-0.3075207,1.3551078,-1.0109065,-0.3074569,1.3551503,-1.0109001,-0.3074357,1.3551291,-1.010898,-0.3073861,1.3551645,-1.0108959,-0.3074073,1.3551999,-1.0108966,-0.3074569,1.3552212,-1.0109023,-0.3075278,1.3552354,-1.0109072,-0.3075987,1.3552495,-1.0109122,-0.3076483,1.3552495,-1.0109101,-0.3076341,1.3552141,-1.0109086,-0.3075774,1.3552354,-1.0109065,-0.3075845,1.3552566,-1.0109086,-0.307627,1.3553133,-1.0109108,-0.307705,1.3553062,-1.0109108,-0.3076979,1.3553559,-1.01092,-0.3078255,1.3552992,-1.0109207,-0.307783,1.3553204,-1.0109306,-0.3079035,1.3553346,-1.0109313,-0.3079176,1.3553133,-1.0109292,-0.3078822,1.3552495,-1.0109285,-0.3078113,1.3552708,-1.0109249,-0.3077971,1.3552637,-1.0109228,-0.3077617,1.3553133,-1.0109271,-0.3078609,1.3553204,-1.0109271,-0.307868,1.3552992,-1.0109249,-0.3078255,1.3554055,-1.0109405,-0.3080736,1.3553417,-1.0109455,-0.3080665,1.3554551,-1.0109384,-0.308109,1.3553984,-1.0109434,-0.3080948,1.3553559,-1.010949,-0.3081161,1.3553133,-1.0109455,-0.3080381,1.3553559,-1.0109405,-0.308031,1.3553559,-1.0109427,-0.3080452,1.3553842,-1.0109476,-0.3081232,1.3553984,-1.0109554,-0.3082153,1.3553984,-1.0109547,-0.3082082,1.3554551,-1.0109568,-0.3082862,1.3554267,-1.010949,-0.308187,1.3554267,-1.0109526,-0.3082153,1.3553913,-1.0109547,-0.3082012,1.3554126,-1.0109526,-0.3082012,1.3553913,-1.0109568,-0.3082153,1.3554197,-1.0109533,-0.3082224,1.3554267,-1.0109512,-0.3082012,1.3554551,-1.0109526,-0.3082437,1.3554267,-1.0109554,-0.3082437,1.355448,-1.0109533,-0.3082437,1.3554338,-1.0109568,-0.3082579,1.3554338,-1.010959,-0.3082862,1.3554834,-1.0109611,-0.3083571,1.3554693,-1.0109618,-0.30835,1.3554693,-1.0109632,-0.3083571,1.355448,-1.0109646,-0.30835,1.355448,-1.010959,-0.3083004,1.3554693,-1.0109547,-0.3082791,1.3554197,-1.0109533,-0.3082153,1.3554551,-1.0109554,-0.308272,1.3554197,-1.0109533,-0.3082153,1.355448,-1.0109568,-0.308272,1.3554126,-1.010959,-0.3082649,1.3554409,-1.0109533,-0.3082437,1.355448,-1.0109526,-0.3082437,1.3554551,-1.0109469,-0.3081941,1.3554764,-1.0109554,-0.3083004,1.3554055,-1.010959,-0.3082579,1.3555189,-1.0109512,-0.3082933,1.3554693,-1.0109547,-0.3082791,1.3554905,-1.0109526,-0.3082791,1.355448,-1.0109568,-0.3082791,1.3554834,-1.0109519,-0.3082649,1.355448,-1.0109512,-0.3082224,1.3554338,-1.0109526,-0.3082224,1.3554338,-1.0109554,-0.3082508,1.3554338,-1.0109533,-0.3082366,1.3554551,-1.0109512,-0.3082295,1.3554693,-1.0109476,-0.3082153,1.3554764,-1.0109455,-0.3082012,1.3554834,-1.0109476,-0.3082295,1.3554622,-1.010949,-0.3082153,1.3554834,-1.0109512,-0.3082579,1.3554764,-1.0109512,-0.3082508,1.3554693,-1.0109526,-0.3082579,1.3554764,-1.0109497,-0.3082437,1.3554834,-1.0109512,-0.3082579,1.3554693,-1.0109547,-0.308272,1.3554622,-1.0109526,-0.3082508,1.3554764,-1.0109568,-0.3083146,1.3554834,-1.0109547,-0.3082933,1.3554551,-1.010954,-0.3082649,1.3554551,-1.0109519,-0.3082366,1.3554622,-1.0109547,-0.308272,1.3554905,-1.0109547,-0.3083004,1.3554834,-1.0109512,-0.3082579,1.3555118,-1.0109547,-0.3083216,1.3554764,-1.010959,-0.3083287,1.3555047,-1.0109618,-0.3083854,1.3554976,-1.010966,-0.3084209,1.3554622,-1.010966,-0.3083854,1.3554976,-1.0109731,-0.3084776,1.3555047,-1.0109689,-0.3084563,1.3555331,-1.0109675,-0.3084705,1.3555047,-1.0109675,-0.3084421,1.3554622,-1.0109717,-0.3084351,1.3554551,-1.0109753,-0.3084634,1.3554693,-1.0109738,-0.3084634,1.3554764,-1.0109696,-0.308428,1.3554622,-1.010966,-0.3083783,1.3554905,-1.010966,-0.3084138,1.3555331,-1.0109696,-0.3084847,1.3555118,-1.010971,-0.3084776,1.3555543,-1.0109852,-0.3086548,1.3555543,-1.0109781,-0.3085981,1.3555331,-1.0109781,-0.3085697,1.3555614,-1.0109809,-0.3086193,1.3555543,-1.0109816,-0.3086264,1.3554976,-1.010988,-0.3086335,1.3555189,-1.0109901,-0.3086689,1.3555331,-1.0109916,-0.3086973,1.3555047,-1.0109916,-0.3086689,1.3555401,-1.0109916,-0.3086973,1.3555472,-1.0109894,-0.3086902,1.3555472,-1.0109894,-0.3086831,1.3555118,-1.0109859,-0.3086264,1.3555614,-1.010988,-0.3086902,1.3555968,-1.0109873,-0.3087186,1.3555401,-1.0109873,-0.3086548,1.3555331,-1.0109859,-0.3086406,1.3555968,-1.0109923,-0.3087682,1.3556181,-1.0110043,-0.3089028,1.355689,-1.0110235,-0.3091509,1.3556606,-1.0110242,-0.3091367,1.3556465,-1.0110263,-0.3091438,1.3556181,-1.0110206,-0.3090659,1.3556394,-1.0110142,-0.3090233,1.3555827,-1.0110235,-0.3090446,1.3556181,-1.011022,-0.309073,1.3556465,-1.011022,-0.3090942,1.3556535,-1.0110206,-0.3090942,1.3556181,-1.0110164,-0.3090163,1.3556039,-1.0110142,-0.3089808,1.3557103,-1.0110235,-0.3091722,1.3556535,-1.0110235,-0.3091226,1.3556748,-1.0110277,-0.3091793,1.3557599,-1.0110235,-0.3092289,1.3556961,-1.0110284,-0.3092147,1.3556677,-1.0110348,-0.3092431,1.3556606,-1.0110313,-0.3092076,1.3556677,-1.0110277,-0.3091722,1.3556748,-1.0110263,-0.3091722,1.3556748,-1.0110249,-0.3091509,1.3557811,-1.0110391,-0.309399,1.3557173,-1.0110362,-0.3093068,1.3557103,-1.0110305,-0.3092501,1.3556039,-1.0110369,-0.3092005,1.3557244,-1.0110383,-0.3093352,1.3557457,-1.0110461,-0.3094273,1.3557528,-1.011044,-0.3094132,1.3557315,-1.011044,-0.309399,1.3556677,-1.0110426,-0.309321,1.3557173,-1.0110383,-0.3093281,1.3556961,-1.0110433,-0.3093494,1.3557103,-1.0110412,-0.3093494,1.3557386,-1.0110376,-0.3093494,1.3557315,-1.0110447,-0.309399,1.3557457,-1.0110504,-0.3094699,1.3556961,-1.0110483,-0.309399,1.3556748,-1.0110504,-0.309399,1.3557528,-1.0110511,-0.309484,1.3557386,-1.0110554,-0.3095124,1.3557457,-1.0110546,-0.3095124,1.3557457,-1.0110554,-0.3095195,1.3557811,-1.0110504,-0.3095053,1.3557315,-1.0110483,-0.3094344,1.3557244,-1.0110483,-0.3094273,1.3557173,-1.0110483,-0.3094132,1.3557103,-1.0110405,-0.3093352,1.3557457,-1.011044,-0.3094061,1.3556961,-1.0110405,-0.3093281,1.3557528,-1.0110419,-0.3093919,1.3556961,-1.011044,-0.3093565,1.3557457,-1.0110426,-0.309399,1.3557244,-1.0110419,-0.3093636,1.3557032,-1.0110433,-0.3093565,1.3557315,-1.0110391,-0.3093565,1.3556961,-1.0110419,-0.3093352,1.3556748,-1.0110433,-0.3093281,1.3557032,-1.0110419,-0.3093423,1.355689,-1.0110405,-0.309321,1.3556819,-1.0110391,-0.3092998,1.3556465,-1.0110383,-0.3092572,1.3557103,-1.0110391,-0.3093281,1.3557103,-1.0110362,-0.3092927,1.355689,-1.0110341,-0.3092572,1.3556961,-1.0110348,-0.3092785,1.3557032,-1.0110348,-0.3092785,1.3556748,-1.0110341,-0.309236,1.3556819,-1.0110298,-0.3092076,1.3556677,-1.0110327,-0.3092289,1.3556819,-1.0110341,-0.3092501,1.3557032,-1.0110348,-0.3092785,1.3557103,-1.0110334,-0.3092785,1.3557103,-1.0110298,-0.3092289,1.3556819,-1.0110298,-0.3092076,1.3557032,-1.0110263,-0.3092005,1.3556961,-1.0110291,-0.3092218,1.3557032,-1.0110277,-0.3092147,1.3557173,-1.0110298,-0.3092431,1.3557882,-1.0110348,-0.3093706,1.3557103,-1.0110405,-0.3093352,1.355689,-1.0110405,-0.3093139,1.3556465,-1.011049,-0.3093565,1.3556677,-1.0110426,-0.309321,1.3556748,-1.0110263,-0.3091722,1.3556606,-1.0110178,-0.309073,1.3556677,-1.0110263,-0.3091651,1.3555614,-1.0110256,-0.3090446,1.3556535,-1.0110242,-0.3091297,1.3556677,-1.011032,-0.3092147,1.3557103,-1.0110235,-0.3091793,1.3557103,-1.0110362,-0.3092998,1.3556606,-1.011044,-0.309321,1.3556819,-1.0110461,-0.3093636,1.3556819,-1.0110461,-0.3093565,1.3556535,-1.0110561,-0.3094344,1.3558095,-1.011061,-0.3096329,1.3557315,-1.0110568,-0.3095124,1.3557315,-1.0110546,-0.3094982,1.3557173,-1.0110624,-0.309562,1.3557457,-1.011061,-0.3095691,1.355689,-1.0110702,-0.3096045,1.3557599,-1.0110667,-0.30964,1.3557811,-1.0110702,-0.3096896,1.3557103,-1.0110709,-0.3096329,1.355767,-1.0110724,-0.3096967,1.3558166,-1.0110752,-0.3097746,1.3557599,-1.0110766,-0.309725,1.3557173,-1.011078,-0.3097038,1.3558733,-1.0110929,-0.3100015,1.3558237,-1.0110965,-0.3099802,1.3558237,-1.0111014,-0.3100298,1.3558307,-1.011105,-0.3100723,1.3558095,-1.0111092,-0.3100936,1.3558662,-1.0111092,-0.3101503,1.3558166,-1.011105,-0.3100582,1.3557953,-1.011105,-0.3100369,1.3558024,-1.0111078,-0.3100723,1.3558024,-1.011105,-0.310044,1.3557599,-1.0111121,-0.3100723,1.3559938,-1.0111071,-0.3102566,1.3558449,-1.0111234,-0.3102637,1.3558307,-1.011122,-0.3102424,1.3559087,-1.0111234,-0.3103275,1.3558166,-1.0111234,-0.3102354,1.3558378,-1.0111241,-0.3102637,1.3557599,-1.0111255,-0.3101999,1.3558378,-1.0111241,-0.3102637,1.3559016,-1.011134,-0.3104267,1.3558591,-1.0111333,-0.31037,1.3558591,-1.0111277,-0.3103204,1.3559016,-1.0111319,-0.3104055,1.3558804,-1.0111397,-0.3104622,1.3559229,-1.0111354,-0.3104551,1.3558804,-1.0111362,-0.3104267,1.3559158,-1.0111447,-0.3105401,1.3558945,-1.0111496,-0.3105614,1.3558804,-1.0111525,-0.3105827,1.3558378,-1.0111461,-0.3104763,1.3558449,-1.0111546,-0.3105614,1.355852,-1.0111546,-0.3105685,1.3558733,-1.0111567,-0.310611,1.3559158,-1.0111517,-0.3106039,1.3558874,-1.0111525,-0.3105827,1.3558449,-1.0111574,-0.3105897,1.3558095,-1.0111546,-0.310526,1.355852,-1.0111603,-0.3106252,1.3558024,-1.0111631,-0.3106039,1.3558095,-1.0111603,-0.3105756,1.3558307,-1.0111588,-0.3105897,1.3558237,-1.0111666,-0.3106535,1.3557811,-1.0111645,-0.3105968,1.3557953,-1.0111588,-0.3105543,1.355852,-1.0111546,-0.3105685,1.3557882,-1.0111581,-0.310533,1.3558591,-1.0111603,-0.3106323,1.3558237,-1.0111666,-0.3106535,1.3557953,-1.0111631,-0.3105968,1.3558024,-1.0111624,-0.3105897,1.355774,-1.0111624,-0.3105614,1.3558024,-1.0111624,-0.3105897,1.3558591,-1.0111581,-0.310611,1.355852,-1.0111581,-0.3106039,1.3558662,-1.0111546,-0.3105827,1.3559016,-1.0111517,-0.3105897,1.3558804,-1.0111525,-0.3105827,1.3559087,-1.0111503,-0.3105827,1.3559158,-1.0111517,-0.3106039,1.3558945,-1.0111546,-0.310611,1.3558307,-1.0111517,-0.3105189,1.3558662,-1.0111496,-0.310533,1.3559016,-1.0111517,-0.3105897,1.3559016,-1.0111546,-0.3106181,1.35593,-1.0111503,-0.310611,1.3558804,-1.0111496,-0.3105472,1.3558804,-1.0111496,-0.3105472,1.3558874,-1.0111468,-0.310533,1.3559016,-1.0111461,-0.3105401,1.3558945,-1.011144,-0.3105118,1.3558945,-1.0111454,-0.3105118,1.3558804,-1.011144,-0.3104976,1.3558733,-1.011144,-0.3104905,1.3559087,-1.0111447,-0.310533,1.3558804,-1.011144,-0.3104976,1.3559087,-1.0111404,-0.3104905,1.3559087,-1.0111397,-0.3104834,1.3558733,-1.0111418,-0.3104692,1.3559158,-1.0111468,-0.3105685,1.3558804,-1.0111482,-0.3105401,1.3559158,-1.0111468,-0.3105614,1.3559158,-1.011144,-0.310533,1.3559229,-1.0111425,-0.310526,1.3559158,-1.0111496,-0.3105897,1.3558804,-1.0111496,-0.3105472,1.3559087,-1.0111461,-0.3105472,1.3559016,-1.011144,-0.3105189,1.3558307,-1.0111503,-0.3105047,1.3559087,-1.0111503,-0.3105897,1.3558733,-1.0111482,-0.310533,1.3558449,-1.011151,-0.310533,1.3558874,-1.0111496,-0.3105543,1.3558804,-1.0111482,-0.3105401,1.3559158,-1.0111468,-0.3105685,1.3558874,-1.0111517,-0.3105756,1.35593,-1.0111539,-0.3106323,1.3559087,-1.011156,-0.3106394,1.3558874,-1.0111532,-0.3105897,1.3559512,-1.0111503,-0.3106323
2020-05-11.out.1,0.0,1.3546542,-1.0106464,-0.3045155,1.3546825,-1.0106393,-0.304473,1.35464,-1.0106407,-0.3044446,1.3546329,-1.0106407,-0.3044375,1.3546967,-1.0106428,-0.3045155,1.3546613,-1.0106514,-0.3045722,1.3546896,-1.0106528,-0.3046076,1.3547392,-1.0106514,-0.3046431,1.3546967,-1.0106485,-0.3045722,1.3546896,-1.0106506,-0.3045864,1.3546967,-1.0106506,-0.3045935,1.3546754,-1.0106471,-0.3045438,1.354725,-1.010645,-0.3045722,1.3547038,-1.0106514,-0.3046147,1.3547321,-1.0106556,-0.3046856,1.3546613,-1.0106606,-0.3046573,1.3546542,-1.0106691,-0.3047352,1.3547676,-1.0106698,-0.3048557,1.3546683,-1.0106776,-0.3048344,1.3547109,-1.0106712,-0.3048132,1.3547109,-1.0106818,-0.3049124,1.3547109,-1.0106854,-0.3049479,1.3547038,-1.0106818,-0.3049053,1.354718,-1.0106861,-0.3049549,1.354725,-1.0106854,-0.3049549,1.3547676,-1.0106896,-0.30504,1.3547321,-1.0106903,-0.3050116,1.3547038,-1.0106932,-0.3050116,1.3547392,-1.0106932,-0.3050471,1.3546329,-1.0107038,-0.30504,1.354725,-1.0106939,-0.30504,1.3547038,-1.0106932,-0.3050116,1.3547109,-1.010691,-0.3049975,1.3547109,-1.0106918,-0.3050116,1.3546967,-1.0106918,-0.3049975,1.3546825,-1.0106896,-0.3049549,1.3547463,-1.0106832,-0.304962,1.354718,-1.0106854,-0.3049479,1.3547321,-1.0106889,-0.3049975,1.354803,-1.0106868,-0.3050471,1.3547321,-1.0107102,-0.305203,1.3547959,-1.0107081,-0.3052526,1.3548314,-1.0107137,-0.3053306,1.3547888,-1.0107236,-0.3053873,1.3547817,-1.0107236,-0.3053802,1.3547959,-1.0107194,-0.3053519,1.3547321,-1.010718,-0.3052739,1.3547605,-1.0107201,-0.3053306,1.354803,-1.0107201,-0.3053731,1.3548314,-1.0107329,-0.305522,1.3548172,-1.0107364,-0.3055361,1.3547747,-1.0107399,-0.3055291,1.354803,-1.0107399,-0.3055574,1.3547605,-1.0107378,-0.3054936,1.3547605,-1.0107329,-0.3054511,1.3548243,-1.0107407,-0.3055858,1.3547321,-1.0107421,-0.3055078,1.3547534,-1.0107442,-0.3055432,1.3547817,-1.0107421,-0.3055574,1.3547534,-1.0107428,-0.3055361,1.3547747,-1.0107399,-0.3055291,1.3548172,-1.0107463,-0.3056354,1.3547817,-1.0107385,-0.305522,1.3547747,-1.01073,-0.3054369,1.3547817,-1.0107322,-0.3054582,1.3547747,-1.01073,-0.3054298,1.3547888,-1.0107293,-0.305444,1.3548668,-1.0107506,-0.3057204,1.354881,-1.0107399,-0.3056425,1.3547959,-1.010752,-0.3056637,1.3548101,-1.0107463,-0.3056283,1.3548172,-1.0107477,-0.3056425,1.3547747,-1.010752,-0.3056425,1.3548314,-1.0107669,-0.3058409,1.3547676,-1.010764,-0.3057559,1.3547817,-1.0107605,-0.3057275,1.3548314,-1.0107605,-0.3057842,1.354803,-1.0107584,-0.3057275,1.3547817,-1.0107577,-0.3056992,1.354803,-1.0107619,-0.30577,1.354803,-1.0107619,-0.3057629,1.3547747,-1.0107626,-0.3057559,1.3547959,-1.0107562,-0.3057062,1.3548739,-1.0107626,-0.305848,1.3548101,-1.0107726,-0.3058693,1.354803,-1.0107648,-0.3057984,1.354803,-1.0107669,-0.3058197,1.3548101,-1.0107662,-0.3058126,1.3547959,-1.0107619,-0.3057559,1.3548101,-1.0107619,-0.30577,1.3548101,-1.0107669,-0.3058197,1.3547959,-1.0107683,-0.3058197,1.3548172,-1.010764,-0.3057984,1.3548101,-1.0107704,-0.305848,1.3547888,-1.0107683,-0.3058126,1.3548526,-1.0107584,-0.3057842,1.3547534,-1.0107683,-0.30577,1.3548101,-1.0107605,-0.3057629,1.3547888,-1.0107591,-0.3057204,1.3548597,-1.0107562,-0.30577,1.3548739,-1.0107605,-0.3058197,1.3548385,-1.0107562,-0.3057488,1.3548597,-1.0107626,-0.3058267,1.354803,-1.0107704,-0.305848,1.3548526,-1.0107704,-0.3058976,1.3548101,-1.0107619,-0.3057771,1.3548101,-1.0107626,-0.3057771,1.3548314,-1.0107768,-0.3059401,1.3548668,-1.0107747,-0.3059543,1.3547817,-1.0107761,-0.3058764,1.3548526,-1.0107761,-0.3059472,1.3548172,-1.0107803,-0.3059543,1.3547959,-1.0107782,-0.3059118,1.3547463,-1.0107733,-0.3058197,1.3547888,-1.0107726,-0.3058551,1.3548243,-1.010774,-0.3059047,1.3547817,-1.0107825,-0.3059401,1.354881,-1.0107832,-0.3060535,1.3548597,-1.0107903,-0.306089,1.3548881,-1.010791,-0.3061244,1.3547959,-1.0107945,-0.3060677,1.3548314,-1.0107945,-0.3061032,1.3548455,-1.0107931,-0.3061103,1.3548172,-1.0107903,-0.3060465,1.3548314,-1.0107867,-0.3060323,1.3548385,-1.0107853,-0.3060252,1.3548668,-1.0107846,-0.3060465,1.3548739,-1.0107867,-0.3060748,1.3548314,-1.0107924,-0.3060819,1.3548881,-1.0107931,-0.3061528,1.3548526,-1.0108052,-0.3062307,1.3548739,-1.0108059,-0.3062591,1.3548597,-1.0108059,-0.3062449,1.3548668,-1.0108137,-0.3063229,1.3548455,-1.0108115,-0.3062804,1.354881,-1.0108236,-0.3064363,1.3548668,-1.0108243,-0.3064221,1.3548668,-1.010825,-0.3064292,1.3548668,-1.0108193,-0.3063796,1.3548881,-1.0108151,-0.3063583,1.354966,-1.0108257,-0.3065355,1.3548881,-1.0108321,-0.3065213,1.3549377,-1.0108335,-0.3065851,1.3549164,-1.0108342,-0.306578,1.3549093,-1.0108356,-0.306571,1.3548668,-1.0108314,-0.306493,1.3548952,-1.0108335,-0.3065355,1.354881,-1.0108342,-0.3065355,1.3549093,-1.0108342,-0.306571,1.3548881,-1.0108293,-0.306493,1.3549164,-1.0108278,-0.3065143,1.3549235,-1.01083,-0.3065355,1.3549022,-1.0108278,-0.3065001,1.3549093,-1.010825,-0.3064788,1.3549164,-1.0108264,-0.306493,1.3548952,-1.0108335,-0.3065426,1.3549306,-1.0108321,-0.306571,1.3548952,-1.0108321,-0.3065355,1.3548881,-1.0108314,-0.3065143,1.3549093,-1.0108271,-0.306493,1.3549093,-1.0108271,-0.306493,1.3549306,-1.0108293,-0.3065355,1.3549519,-1.0108342,-0.3066135,1.3549377,-1.0108314,-0.3065639,1.3549093,-1.010825,-0.3064788,1.3549448,-1.0108236,-0.306493,1.3549235,-1.0108278,-0.3065213,1.3549235,-1.0108257,-0.306493,1.3549235,-1.0108207,-0.3064505,1.3550015,-1.0108293,-0.3066135,1.354966,-1.0108378,-0.306656,1.3549589,-1.0108441,-0.3067127,1.354966,-1.0108463,-0.306734,1.3549589,-1.0108434,-0.3066985,1.3549377,-1.0108456,-0.3066985,1.3549448,-1.0108512,-0.3067552,1.3549731,-1.0108512,-0.3067907,1.3549448,-1.0108534,-0.3067765,1.3549873,-1.0108534,-0.306819,1.354966,-1.0108562,-0.3068332,1.3549731,-1.0108534,-0.3068049,1.3549519,-1.0108512,-0.3067623,1.3549164,-1.0108512,-0.306734,1.3550653,-1.0108562,-0.3069253,1.3549944,-1.0108541,-0.3068332,1.3550936,-1.0108619,-0.3070175,1.3550582,-1.0108682,-0.3070458,1.3550298,-1.0108675,-0.3070033,1.3550794,-1.0108697,-0.3070742,1.3550653,-1.0108775,-0.3071309,1.355044,-1.0108775,-0.3071025,1.3550156,-1.0108725,-0.3070388,1.3550369,-1.0108718,-0.3070458,1.3550511,-1.0108704,-0.30706,1.3550156,-1.0108675,-0.3069891,1.3550582,-1.010864,-0.3069962,1.3550156,-1.0108633,-0.3069466,1.3551078,-1.0108704,-0.3071096,1.3550723,-1.0108746,-0.3071238,1.3550723,-1.0108725,-0.3070955,1.3550936,-1.0108746,-0.307138,1.3550794,-1.0108739,-0.3071238,1.3550865,-1.0108718,-0.3070955,1.3550369,-1.0108739,-0.3070742,1.355044,-1.0108704,-0.3070458,1.3550723,-1.0108697,-0.3070671,1.3550582,-1.0108725,-0.3070884,1.3550653,-1.010876,-0.3071238,1.3550794,-1.0108746,-0.3071238,1.3550794,-1.010876,-0.3071309,1.3550723,-1.010876,-0.3071238,1.3550794,-1.0108796,-0.3071663,1.3550865,-1.0108782,-0.3071592,1.3551078,-1.0108746,-0.3071522,1.3550794,-1.0108817,-0.3071876,1.3550936,-1.0108845,-0.3072301,1.3550653,-1.0108824,-0.3071876,1.3550723,-1.0108803,-0.3071663,1.3550936,-1.0108775,-0.3071592,1.355044,-1.0108775,-0.3071167,1.3551149,-1.0108838,-0.3072443,1.3550723,-1.0108838,-0.3072018,1.3551149,-1.0108817,-0.3072301,1.3550865,-1.0108817,-0.3071947,1.3550723,-1.0108845,-0.3072159,1.3550511,-1.0108845,-0.3071876,1.3550653,-1.0108817,-0.3071734,1.3550865,-1.0108782,-0.3071592,1.355044,-1.0108782,-0.3071238,1.3551361,-1.0108775,-0.3072018,1.3551291,-1.0108838,-0.3072585,1.3551503,-1.0108881,-0.3073152,1.3553417,-1.0108902,-0.3075349,1.3552212,-1.0109001,-0.3074995,1.3551858,-1.0109051,-0.3075207,1.3551716,-1.0109086,-0.3075349,1.3550936,-1.010903,-0.3074073,1.3551503,-1.010898,-0.3074073,1.3551928,-1.0108987,-0.307464,1.3551787,-1.0109065,-0.3075207,1.3551078,-1.0109065,-0.3074569,1.3551503,-1.0109001,-0.3074357,1.3551291,-1.010898,-0.3073861,1.3551645,-1.0108959,-0.3074073,1.3551999,-1.0108966,-0.3074569,1.3552212,-1.0109023,-0.3075278,1.3552354,-1.0109072,-0.3075987,1.3552495,-1.0109122,-0.3076483,1.3552495,-1.0109101,-0.3076341,1.3552141,-1.0109086,-0.3075774,1.3552354,-1.0109065,-0.3075845,1.3552566,-1.0109086,-0.307627,1.3553133,-1.0109108,-0.307705,1.3553062,-1.0109108,-0.3076979,1.3553559,-1.01092,-0.3078255,1.3552992,-1.0109207,-0.307783,1.3553204,-1.0109306,-0.3079035,1.3553346,-1.0109313,-0.3079176,1.3553133,-1.0109292,-0.3078822,1.3552495,-1.0109285,-0.3078113,1.3552708,-1.0109249,-0.3077971,1.3552637,-1.0109228,-0.3077617,1.3553133,-1.0109271,-0.3078609,1.3553204,-1.0109271,-0.307868,1.3552992,-1.0109249,-0.3078255,1.3554055,-1.0109405,-0.3080736,1.3553417,-1.0109455,-0.3080665,1.3554551,-1.0109384,-0.308109,1.3553984,-1.0109434,-0.3080948,1.3553559,-1.010949,-0.3081161,1.3553133,-1.0109455,-0.3080381,1.3553559,-1.0109405,-0.308031,1.3553559,-1.0109427,-0.3080452,1.3553842,-1.0109476,-0.3081232,1.3553984,-1.0109554,-0.3082153,1.3553984,-1.0109547,-0.3082082,1.3554551,-1.0109568,-0.3082862,1.3554267,-1.010949,-0.308187,1.3554267,-1.0109526,-0.3082153,1.3553913,-1.0109547,-0.3082012,1.3554126,-1.0109526,-0.3082012,1.3553913,-1.0109568,-0.3082153,1.3554197,-1.0109533,-0.3082224,1.3554267,-1.0109512,-0.3082012,1.3554551,-1.0109526,-0.3082437,1.3554267,-1.0109554,-0.3082437,1.355448,-1.0109533,-0.3082437,1.3554338,-1.0109568,-0.3082579,1.3554338,-1.010959,-0.3082862,1.3554834,-1.0109611,-0.3083571,1.3554693,-1.0109618,-0.30835,1.3554693,-1.0109632,-0.3083571,1.355448,-1.0109646,-0.30835,1.355448,-1.010959,-0.3083004,1.3554693,-1.0109547,-0.3082791,1.3554197,-1.0109533,-0.3082153,1.3554551,-1.0109554,-0.308272,1.3554197,-1.0109533,-0.3082153,1.355448,-1.0109568,-0.308272,1.3554126,-1.010959,-0.3082649,1.3554409,-1.0109533,-0.3082437,1.355448,-1.0109526,-0.3082437,1.3554551,-1.0109469,-0.3081941,1.3554764,-1.0109554,-0.3083004,1.3554055,-1.010959,-0.3082579,1.3555189,-1.0109512,-0.3082933,1.3554693,-1.0109547,-0.3082791,1.3554905,-1.0109526,-0.3082791,1.355448,-1.0109568,-0.3082791,1.3554834,-1.0109519,-0.3082649,1.355448,-1.0109512,-0.3082224,1.3554338,-1.0109526,-0.3082224,1.3554338,-1.0109554,-0.3082508,1.3554338,-1.0109533,-0.3082366,1.3554551,-1.0109512,-0.3082295,1.3554693,-1.0109476,-0.3082153,1.3554764,-1.0109455,-0.3082012,1.3554834,-1.0109476,-0.3082295,1.3554622,-1.010949,-0.3082153,1.3554834,-1.0109512,-0.3082579,1.3554764,-1.0109512,-0.3082508,1.3554693,-1.0109526,-0.3082579,1.3554764,-1.0109497,-0.3082437,1.3554834,-1.0109512,-0.3082579,1.3554693,-1.0109547,-0.308272,1.3554622,-1.0109526,-0.3082508,1.3554764,-1.0109568,-0.3083146,1.3554834,-1.0109547,-0.3082933,1.3554551,-1.010954,-0.3082649,1.3554551,-1.0109519,-0.3082366,1.3554622,-1.0109547,-0.308272,1.3554905,-1.0109547,-0.3083004,1.3554834,-1.0109512,-0.3082579,1.3555118,-1.0109547,-0.3083216,1.3554764,-1.010959,-0.3083287,1.3555047,-1.0109618,-0.3083854,1.3554976,-1.010966,-0.3084209,1.3554622,-1.010966,-0.3083854,1.3554976,-1.0109731,-0.3084776,1.3555047,-1.0109689,-0.3084563,1.3555331,-1.0109675,-0.3084705,1.3555047,-1.0109675,-0.3084421,1.3554622,-1.0109717,-0.3084351,1.3554551,-1.0109753,-0.3084634,1.3554693,-1.0109738,-0.3084634,1.3554764,-1.0109696,-0.308428,1.3554622,-1.010966,-0.3083783,1.3554905,-1.010966,-0.3084138,1.3555331,-1.0109696,-0.3084847,1.3555118,-1.010971,-0.3084776,1.3555543,-1.0109852,-0.3086548,1.3555543,-1.0109781,-0.3085981,1.3555331,-1.0109781,-0.3085697,1.3555614,-1.0109809,-0.3086193,1.3555543,-1.0109816,-0.3086264,1.3554976,-1.010988,-0.3086335,1.3555189,-1.0109901,-0.3086689,1.3555331,-1.0109916,-0.3086973,1.3555047,-1.0109916,-0.3086689,1.3555401,-1.0109916,-0.3086973,1.3555472,-1.0109894,-0.3086902,1.3555472,-1.0109894,-0.3086831,1.3555118,-1.0109859,-0.3086264,1.3555614,-1.010988,-0.3086902,1.3555968,-1.0109873,-0.3087186,1.3555401,-1.0109873,-0.3086548,1.3555331,-1.0109859,-0.3086406,1.3555968,-1.0109923,-0.3087682,1.3556181,-1.0110043,-0.3089028,1.355689,-1.0110235,-0.3091509,1.3556606,-1.0110242,-0.3091367,1.3556465,-1.0110263,-0.3091438,1.3556181,-1.0110206,-0.3090659,1.3556394,-1.0110142,-0.3090233,1.3555827,-1.0110235,-0.3090446,1.3556181,-1.011022,-0.309073,1.3556465,-1.011022,-0.3090942,1.3556535,-1.0110206,-0.3090942,1.3556181,-1.0110164,-0.3090163,1.3556039,-1.0110142,-0.3089808,1.3557103,-1.0110235,-0.3091722,1.3556535,-1.0110235,-0.3091226,1.3556748,-1.0110277,-0.3091793,1.3557599,-1.0110235,-0.3092289,1.3556961,-1.0110284,-0.3092147,1.3556677,-1.0110348,-0.3092431,1.3556606,-1.0110313,-0.3092076,1.3556677,-1.0110277,-0.3091722,1.3556748,-1.0110263,-0.3091722,1.3556748,-1.0110249,-0.3091509,1.3557811,-1.0110391,-0.309399,1.3557173,-1.0110362,-0.3093068,1.3557103,-1.0110305,-0.3092501,1.3556039,-1.0110369,-0.3092005,1.3557244,-1.0110383,-0.3093352,1.3557457,-1.0110461,-0.3094273,1.3557528,-1.011044,-0.3094132,1.3557315,-1.011044,-0.309399,1.3556677,-1.0110426,-0.309321,1.3557173,-1.0110383,-0.3093281,1.3556961,-1.0110433,-0.3093494,1.3557103,-1.0110412,-0.3093494,1.3557386,-1.0110376,-0.3093494,1.3557315,-1.0110447,-0.309399,1.3557457,-1.0110504,-0.3094699,1.3556961,-1.0110483,-0.309399,1.3556748,-1.0110504,-0.309399,1.3557528,-1.0110511,-0.309484,1.3557386,-1.0110554,-0.3095124,1.3557457,-1.0110546,-0.3095124,1.3557457,-1.0110554,-0.3095195,1.3557811,-1.0110504,-0.3095053,1.3557315,-1.0110483,-0.3094344,1.3557244,-1.0110483,-0.3094273,1.3557173,-1.0110483,-0.3094132,1.3557103,-1.0110405,-0.3093352,1.3557457,-1.011044,-0.3094061,1.3556961,-1.0110405,-0.3093281,1.3557528,-1.0110419,-0.3093919,1.3556961,-1.011044,-0.3093565,1.3557457,-1.0110426,-0.309399,1.3557244,-1.0110419,-0.3093636,1.3557032,-1.0110433,-0.3093565,1.3557315,-1.0110391,-0.3093565,1.3556961,-1.0110419,-0.3093352,1.3556748,-1.0110433,-0.3093281,1.3557032,-1.0110419,-0.3093423,1.355689,-1.0110405,-0.309321,1.3556819,-1.0110391,-0.3092998,1.3556465,-1.0110383,-0.3092572,1.3557103,-1.0110391,-0.3093281,1.3557103,-1.0110362,-0.3092927,1.355689,-1.0110341,-0.3092572,1.3556961,-1.0110348,-0.3092785,1.3557032,-1.0110348,-0.3092785,1.3556748,-1.0110341,-0.309236,1.3556819,-1.0110298,-0.3092076,1.3556677,-1.0110327,-0.3092289,1.3556819,-1.0110341,-0.3092501,1.3557032,-1.0110348,-0.3092785,1.3557103,-1.0110334,-0.3092785,1.3557103,-1.0110298,-0.3092289,1.3556819,-1.0110298,-0.3092076,1.3557032,-1.0110263,-0.3092005,1.3556961,-1.0110291,-0.3092218,1.3557032,-1.0110277,-0.3092147,1.3557173,-1.0110298,-0.3092431,1.3557882,-1.0110348,-0.3093706,1.3557103,-1.0110405,-0.3093352,1.355689,-1.0110405,-0.3093139,1.3556465,-1.011049,-0.3093565,1.3556677,-1.0110426,-0.309321,1.3556748,-1.0110263,-0.3091722,1.3556606,-1.0110178,-0.309073,1.3556677,-1.0110263,-0.3091651,1.3555614,-1.0110256,-0.3090446,1.3556535,-1.0110242,-0.3091297,1.3556677,-1.011032,-0.3092147,1.3557103,-1.0110235,-0.3091793,1.3557103,-1.0110362,-0.3092998,1.3556606,-1.011044,-0.309321,1.3556819,-1.0110461,-0.3093636,1.3556819,-1.0110461,-0.3093565,1.3556535,-1.0110561,-0.3094344,1.3558095,-1.011061,-0.3096329,1.3557315,-1.0110568,-0.3095124,1.3557315,-1.0110546,-0.3094982,1.3557173,-1.0110624,-0.309562,1.3557457,-1.011061,-0.3095691,1.355689,-1.0110702,-0.3096045,1.3557599,-1.0110667,-0.30964,1.3557811,-1.0110702,-0.3096896,1.3557103,-1.0110709,-0.3096329,1.355767,-1.0110724,-0.3096967,1.3558166,-1.0110752,-0.3097746,1.3557599,-1.0110766,-0.309725,1.3557173,-1.011078,-0.3097038,1.3558733,-1.0110929,-0.3100015,1.3558237,-1.0110965,-0.3099802,1.3558237,-1.0111014,-0.3100298,1.3558307,-1.011105,-0.3100723,1.3558095,-1.0111092,-0.3100936,1.3558662,-1.0111092,-0.3101503,1.3558166,-1.011105,-0.3100582,1.3557953,-1.011105,-0.3100369,1.3558024,-1.0111078,-0.3100723,1.3558024,-1.011105,-0.310044,1.3557599,-1.0111121,-0.3100723,1.3559938,-1.0111071,-0.3102566,1.3558449,-1.0111234,-0.3102637,1.3558307,-1.011122,-0.3102424,1.3559087,-1.0111234,-0.3103275,1.3558166,-1.0111234,-0.3102354,1.3558378,-1.0111241,-0.3102637,1.3557599,-1.0111255,-0.3101999,1.3558378,-1.0111241,-0.3102637,1.3559016,-1.011134,-0.3104267,1.3558591,-1.0111333,-0.31037,1.3558591,-1.0111277,-0.3103204,1.3559016,-1.0111319,-0.3104055,1.3558804,-1.0111397,-0.3104622,1.3559229,-1.0111354,-0.3104551,1.3558804,-1.0111362,-0.3104267,1.3559158,-1.0111447,-0.3105401,1.3558945,-1.0111496,-0.3105614,1.3558804,-1.0111525,-0.3105827,1.3558378,-1.0111461,-0.3104763,1.3558449,-1.0111546,-0.3105614,1.355852,-1.0111546,-0.3105685,1.3558733,-1.0111567,-0.310611,1.3559158,-1.0111517,-0.3106039,1.3558874,-1.0111525,-0.3105827,1.3558449,-1.0111574,-0.3105897,1.3558095,-1.0111546,-0.310526,1.355852,-1.0111603,-0.3106252,1.3558024,-1.0111631,-0.3106039,1.3558095,-1.0111603,-0.3105756,1.3558307,-1.0111588,-0.3105897,1.3558237,-1.0111666,-0.3106535,1.3557811,-1.0111645,-0.3105968,1.3557953,-1.0111588,-0.3105543,1.355852,-1.0111546,-0.3105685,1.3557882,-1.0111581,-0.310533,1.3558591,-1.0111603,-0.3106323,1.3558237,-1.0111666,-0.3106535,1.3557953,-1.0111631,-0.3105968,1.3558024,-1.0111624,-0.3105897,1.355774,-1.0111624,-0.3105614,1.3558024,-1.0111624,-0.3105897,1.3558591,-1.0111581,-0.310611,1.355852,-1.0111581,-0.3106039,1.3558662,-1.0111546,-0.3105827,1.3559016,-1.0111517,-0.3105897,1.3558804,-1.0111525,-0.3105827,1.3559087,-1.0111503,-0.3105827,1.3559158,-1.0111517,-0.3106039,1.3558945,-1.0111546,-0.310611,1.3558307,-1.0111517,-0.3105189,1.3558662,-1.0111496,-0.310533,1.3559016,-1.0111517,-0.3105897,1.3559016,-1.0111546,-0.3106181,1.35593,-1.0111503,-0.310611,1.3558804,-1.0111496,-0.3105472,1.3558804,-1.0111496,-0.3105472,1.3558874,-1.0111468,-0.310533,1.3559016,-1.0111461,-0.3105401,1.3558945,-1.011144,-0.3105118,1.3558945,-1.0111454,-0.3105118,1.3558804,-1.011144,-0.3104976,1.3558733,-1.011144,-0.3104905,1.3559087,-1.0111447,-0.310533,1.3558804,-1.011144,-0.3104976,1.3559087,-1.0111404,-0.3104905,1.3559087,-1.0111397,-0.3104834,1.3558733,-1.0111418,-0.3104692,1.3559158,-1.0111468,-0.3105685,1.3558804,-1.0111482,-0.3105401,1.3559158,-1.0111468,-0.3105614,1.3559158,-1.011144,-0.310533,1.3559229,-1.0111425,-0.310526,1.3559158,-1.0111496,-0.3105897,1.3558804,-1.0111496,-0.3105472,1.3559087,-1.0111461,-0.3105472,1.3559016,-1.011144,-0.3105189,1.3558307,-1.0111503,-0.3105047,1.3559087,-1.0111503,-0.3105897,1.3558733,-1.0111482,-0.310533,1.3558449,-1.011151,-0.310533,1.3558874,-1.0111496,-0.3105543,1.3558804,-1.0111482,-0.3105401,1.3559158,-1.0111468,-0.3105685,1.3558874,-1.0111517,-0.3105756,1.35593,-1.0111539,-0.3106323,1.3559087,-1.011156,-0.3106394,1.3558874,-1.0111532,-0.3105897,1.3559512,-1.0111503,-0.3106323,1.3559016,-1.0111581,-0.3106535,1.3559158,-1.0111581,-0.3106677,1.3558733,-1.0111581,-0.3106252,1.3558874,-1.0111553,-0.310611,1.3558945,-1.0111525,-0.3105897,1.3559087,-1.0111517,-0.3105968,1.3559016,-1.0111539,-0.310611,1.3559229,-1.0111503,-0.3106039,1.35593,-1.0111517,-0.3106181,1.3559016,-1.0111539,-0.310611,1.3558945,-1.0111546,-0.3106039,1.3559158,-1.011161,-0.3107031,1.3559016,-1.0111631,-0.3107102,1.35593,-1.011161,-0.3107102,1.3558591,-1.0111681,-0.3106961,1.3559583,-1.0111723,-0.310852,1.3559229,-1.0111688,-0.3107811,1.3559512,-1.0111766,-0.3108733,1.3559938,-1.0111751,-0.3109087,1.3559867,-1.0111808,-0.3109583,1.3559725,-1.0111787,-0.3109229,1.3559654,-1.0111787,-0.3109087,1.3559158,-1.0111787,-0.3108662,1.3558945,-1.0111787,-0.3108307,1.3559158,-1.0111808,-0.3108874,1.3559796,-1.0111886,-0.3110221,1.3559796,-1.0111872,-0.311015,1.3559867,-1.0111886,-0.3110292,1.3560009,-1.0111865,-0.3110221,1.3559583,-1.0111851,-0.3109654,1.3558874,-1.0111907,-0.3109512,1.3559512,-1.0111872,-0.3109867,1.3559654,-1.0111907,-0.3110292,1.3560221,-1.0111985,-0.3111639,1.3560292,-1.0112028,-0.3112064,1.3559229,-1.0112063,-0.3111284,1.3559016,-1.0112092,-0.3111426,1.3559512,-1.0112035,-0.3111426,1.3559725,-1.0112028,-0.3111497,1.3559867,-1.0112106,-0.3112418,1.3559796,-1.0112134,-0.3112631,1.3559654,-1.0112042,-0.3111568,1.3559725,-1.0112028,-0.3111497,1.3559583,-1.0112035,-0.3111426,1.3559867,-1.0112092,-0.3112347,1.3560221,-1.011212,-0.3112985,1.3560079,-1.0112106,-0.3112631,1.3560009,-1.0112155,-0.3113056,1.3559938,-1.0112177,-0.3113127,1.3559938,-1.0112184,-0.3113269,1.3559796,-1.0112177,-0.3112985,1.3559938,-1.0112155,-0.3112985,1.356015,-1.0112177,-0.311341,1.3560576,-1.0112219,-0.3114261,1.3560292,-1.0112255,-0.3114261,1.3560221,-1.0112318,-0.3114757,1.3559867,-1.0112375,-0.3114899,1.3560221,-1.0112453,-0.3116033,1.3559725,-1.0112453,-0.3115537,1.3559583,-1.0112425,-0.3115112,1.3559867,-1.0112403,-0.3115182,1.3560079,-1.0112361,-0.3115112,1.3559867,-1.0112403,-0.3115253,1.3560292,-1.0112418,-0.311582,1.3560221,-1.0112418,-0.3115749,1.3560009,-1.0112411,-0.3115395,1.356015,-1.0112439,-0.3115891,1.3560363,-1.011246,-0.3116316,1.3560363,-1.0112453,-0.3116175,1.356015,-1.0112481,-0.3116316,1.3560292,-1.0112481,-0.3116387,1.3560363,-1.0112538,-0.3117025,1.3560221,-1.0112538,-0.3116884,1.3560292,-1.0112538,-0.3116884,1.3560363,-1.0112602,-0.3117663,1.3559938,-1.0112623,-0.3117451,1.3560505,-1.0112666,-0.3118372,1.3560646,-1.011268,-0.3118585,1.356015,-1.0112666,-0.3118018,1.3560576,-1.0112687,-0.3118585,1.3561143,-1.0112701,-0.3119364,1.3560788,-1.0112666,-0.3118655,1.3560505,-1.0112666,-0.3118372,1.356015,-1.0112659,-0.3117947,1.3560009,-1.011268,-0.3118018,1.3560363,-1.011268,-0.3118372,1.3560646,-1.0112722,-0.3119081,1.3560505,-1.0112715,-0.3118797,1.3560363,-1.0112758,-0.3119081,1.3560505,-1.0112715,-0.3118868,1.3560292,-1.0112701,-0.3118514,1.3560576,-1.011273,-0.3119081,1.3560434,-1.0112744,-0.3119081,1.3560646,-1.0112744,-0.3119222,1.3560859,-1.01128,-0.3120073,1.3560292,-1.01128,-0.3119435,1.3561143,-1.0112779,-0.3120073,1.3560788,-1.0112779,-0.3119719,1.3560788,-1.0112786,-0.311986,1.3560079,-1.0112779,-0.3119081,1.3560363,-1.0112779,-0.3119293,1.3560363,-1.0112765,-0.3119222,1.3560292,-1.0112765,-0.3119081,1.356015,-1.0112744,-0.3118797,1.3560859,-1.0112715,-0.3119152,1.3560859,-1.0112779,-0.311979,1.3560505,-1.0112758,-0.3119222,1.3560434,-1.0112843,-0.3119931,1.3560363,-1.01128,-0.3119435,1.3560009,-1.0112822,-0.3119364,1.3560505,-1.0112779,-0.3119435,1.3560221,-1.0112807,-0.3119435,1.3560363,-1.0112829,-0.311979,1.3561143,-1.01128,-0.3120215,1.3560859,-1.0112779,-0.311979,1.3560859,-1.01128,-0.3119931,1.3561001,-1.0112843,-0.3120569,1.356093,-1.0112843,-0.3120498,1.3561355,-1.0112878,-0.3121278,1.356093,-1.0112843,-0.3120427,1.3560717,-1.0112871,-0.3120569,1.356093,-1.0112829,-0.3120427,1.3560788,-1.0112864,-0.3120498,1.3560788,-1.0112928,-0.3121136,1.3561001,-1.0112942,-0.3121491,1.3561001,-1.0112871,-0.3120924,1.356093,-1.0112935,-0.312142,1.3560717,-1.0112949,-0.3121278,1.3561001,-1.011302,-0.3122341,1.3560717,-1.0113048,-0.3122199,1.3561072,-1.0113063,-0.3122696,1.3560859,-1.0113048,-0.3122412,1.3560859,-1.0113041,-0.312227,1.3560505,-1.0113063,-0.3122199,1.3560363,-1.0113148,-0.3122837,1.3561143,-1.0113063,-0.3122837,1.3560646,-1.0113091,-0.3122483,1.356015,-1.011307,-0.3121916,1.3560717,-1.0113091,-0.3122625,1.3560717,-1.0113056,-0.312227,1.3560788,-1.0113063,-0.3122412,1.3560859,-1.0113048,-0.3122412,1.3561072,-1.0113027,-0.3122341,1.3560859,-1.0113063,-0.3122483,1.356093,-1.0113041,-0.3122341,1.3560717,-1.0113041,-0.3122128,1.3560646,-1.0112992,-0.3121632,1.3560859,-1.011297,-0.3121561,1.3560646,-1.0112992,-0.3121703,1.3560859,-1.0113027,-0.3122199,1.3560505,-1.0113006,-0.3121632,1.3560434,-1.0113027,-0.3121703,1.3560434,-1.0113034,-0.3121845,1.356093,-1.0113048,-0.3122483,1.3561143,-1.011307,-0.3122908,1.3560505,-1.0113063,-0.3122199,1.3561143,-1.0113091,-0.312305,1.3560788,-1.0113126,-0.312305,1.3561001,-1.0113148,-0.3123404,1.3561284,-1.0113126,-0.3123546,1.3561213,-1.0113169,-0.31239,1.3561143,-1.0113134,-0.3123546,1.3560717,-1.0113112,-0.3122837,1.3561143,-1.0113134,-0.3123475,1.3561143,-1.0113211,-0.3124255,1.3561143,-1.0113211,-0.3124184,1.3561284,-1.0113211,-0.3124397,1.3560646,-1.0113211,-0.3123759,1.3561072,-1.0113204,-0.3124042,1.3561143,-1.0113247,-0.3124538,1.3561072,-1.0113311,-0.3125105,1.3561284,-1.0113332,-0.312546,1.3561072,-1.0113289,-0.3124893,1.3561426,-1.0113275,-0.3125105,1.3561284,-1.0113289,-0.3125105,1.3561213,-1.0113297,-0.3125105,1.3561072,-1.0113289,-0.3124893,1.3561213,-1.0113311,-0.3125247,1.3561072,-1.0113318,-0.3125247,1.3560646,-1.0113289,-0.3124397,1.3560363,-1.0113233,-0.3123617,1.3561001,-1.0113233,-0.3124326,1.3560576,-1.0113226,-0.3123759,1.3561355,-1.0113254,-0.3124822,1.3561001,-1.0113254,-0.3124467,1.356093,-1.0113275,-0.312468,1.3560646,-1.0113247,-0.3123971,1.3560646,-1.0113247,-0.3124042,1.3560788,-1.0113226,-0.3123971,1.3561284,-1.0113254,-0.3124751,1.3561213,-1.0113247,-0.312468,1.3561072,-1.0113275,-0.3124751
2020-05-11.out.2,0.0,1.3561284,-1.0113254,-0.3124751,1.3560788,-1.0113254,-0.3124326,1.3561284,-1.0113247,-0.3124609,1.3560859,-1.0113233,-0.3124184,1.3560505,-1.0113211,-0.3123546,1.3560434,-1.0113204,-0.3123404,1.3560363,-1.0113176,-0.3123121,1.3560221,-1.0113219,-0.3123333,1.3560505,-1.0113226,-0.3123617,1.3561143,-1.0113233,-0.3124467,1.3561284,-1.0113268,-0.3124822,1.356093,-1.0113275,-0.3124609,1.3561143,-1.0113332,-0.3125318,1.3560292,-1.0113311,-0.3124397,1.3560363,-1.0113268,-0.31239,1.3559654,-1.0113169,-0.3122341,1.3560505,-1.0113176,-0.3123192,1.3560292,-1.011319,-0.3123192,1.3561143,-1.0113226,-0.3124326,1.3561426,-1.0113268,-0.3125034,1.3561284,-1.0113289,-0.3125105,1.3560646,-1.0113268,-0.3124255,1.356093,-1.0113268,-0.3124538,1.3561284,-1.0113297,-0.3125247,1.3561072,-1.0113318,-0.3125176,1.356093,-1.0113318,-0.3125034,1.3561143,-1.0113289,-0.3124893,1.356093,-1.0113268,-0.3124538,1.3560646,-1.0113211,-0.3123759,1.3561284,-1.0113204,-0.3124326,1.3560859,-1.0113247,-0.3124255,1.3561213,-1.0113275,-0.3124893,1.3560717,-1.0113311,-0.3124751,1.3561072,-1.0113318,-0.3125176,1.3561001,-1.0113332,-0.3125247,1.3561426,-1.0113367,-0.3126027,1.3561213,-1.0113353,-0.3125672,1.356093,-1.0113339,-0.3125247,1.3561072,-1.0113289,-0.3124822,1.3561143,-1.0113297,-0.3125034,1.3561426,-1.0113318,-0.3125531,1.3561143,-1.0113339,-0.3125389,1.3560859,-1.0113318,-0.3125034,1.3561284,-1.0113297,-0.3125176,1.3561213,-1.0113304,-0.3125176,1.3561639,-1.0113318,-0.3125743,1.3561284,-1.0113332,-0.312546,1.3560717,-1.0113389,-0.312546,1.3561213,-1.0113374,-0.3125814,1.3561143,-1.0113353,-0.3125531,1.3561497,-1.0113289,-0.3125318,1.356093,-1.0113311,-0.3124893,1.3561213,-1.0113297,-0.3125176,1.3561072,-1.0113318,-0.3125176,1.3560859,-1.0113353,-0.3125247,1.3561213,-1.0113311,-0.3125247,1.3561355,-1.0113353,-0.3125814,1.3561284,-1.0113374,-0.3125956,1.3561355,-1.0113431,-0.3126452,1.3561426,-1.0113431,-0.3126594,1.3560646,-1.0113339,-0.3124893,1.3561284,-1.0113374,-0.3125885,1.3561284,-1.0113374,-0.3125956,1.3561213,-1.0113396,-0.3126027,1.3561213,-1.0113374,-0.3125814,1.3561284,-1.011336,-0.3125814,1.3561143,-1.0113339,-0.312546,1.3561568,-1.0113332,-0.3125743,1.3561284,-1.0113332,-0.3125531,1.3560434,-1.0113353,-0.3124893,1.3561143,-1.011336,-0.3125602,1.3560859,-1.0113332,-0.3125105,1.3561001,-1.0113332,-0.3125247,1.3561213,-1.0113318,-0.3125318,1.3561568,-1.0113339,-0.3125885,1.3560859,-1.0113374,-0.3125531,1.3561001,-1.0113389,-0.3125672,1.3561072,-1.0113389,-0.3125814,1.3560859,-1.0113339,-0.3125176,1.3561568,-1.0113374,-0.3126169,1.356171,-1.011341,-0.3126665,1.3561284,-1.0113431,-0.3126381,1.3561213,-1.0113438,-0.3126523,1.3561213,-1.0113417,-0.3126239,1.3561143,-1.011341,-0.3126169,1.3561001,-1.0113396,-0.3125814,1.3561001,-1.0113389,-0.3125743,1.3560788,-1.0113396,-0.3125531,1.3561497,-1.011336,-0.3126027,1.3561355,-1.0113389,-0.3126027,1.3561072,-1.011341,-0.3126027,1.3560717,-1.0113389,-0.312546,1.356093,-1.0113332,-0.3125105,1.3561143,-1.0113332,-0.3125389,1.3561355,-1.0113353,-0.3125814,1.3561072,-1.0113353,-0.3125531,1.3561426,-1.0113318,-0.3125531,1.3561568,-1.0113353,-0.3126027,1.3561426,-1.0113332,-0.3125672,1.3560859,-1.0113389,-0.3125602,1.3560079,-1.0113467,-0.3125531,1.3560859,-1.0113417,-0.3125885,1.3560788,-1.011341,-0.3125672,1.3560859,-1.0113339,-0.3125176,1.356093,-1.0113318,-0.3125034,1.3561497,-1.0113311,-0.312546,1.3561355,-1.0113339,-0.3125672,1.3561284,-1.0113332,-0.312546,1.356093,-1.0113353,-0.3125389,1.3560646,-1.0113318,-0.312468,1.3560859,-1.0113282,-0.3124609,1.3561072,-1.0113275,-0.3124822,1.3560788,-1.0113297,-0.312468,1.356093,-1.0113268,-0.3124538,1.3561072,-1.0113261,-0.3124538,1.3560717,-1.0113254,-0.3124184,1.3560646,-1.0113268,-0.3124255,1.3560859,-1.0113233,-0.3124184,1.3560009,-1.0113155,-0.3122483,1.3559725,-1.0112992,-0.312064,1.3558945,-1.0112985,-0.311979,1.3559796,-1.0112992,-0.3120711,1.3560009,-1.0112992,-0.3120994,1.3559725,-1.0112942,-0.3120144,1.3560009,-1.0112921,-0.3120286,1.3560221,-1.0112992,-0.3121207,1.35593,-1.0112928,-0.3119648,1.3560292,-1.0113027,-0.3121561,1.3559938,-1.0113013,-0.3121136,1.3560363,-1.0112992,-0.3121349,1.3559938,-1.0112985,-0.3120853,1.3559938,-1.0112985,-0.3120853,1.3560221,-1.0112956,-0.3120853,1.3560717,-1.0112963,-0.312142,1.3560505,-1.0112963,-0.3121207,1.3559583,-1.0112921,-0.311986,1.3559725,-1.0112907,-0.311986,1.3559938,-1.0112921,-0.3120215,1.3559867,-1.0112893,-0.311986,1.3559654,-1.0112864,-0.3119435,1.3559867,-1.0112843,-0.3119364,1.3559796,-1.011285,-0.3119435,1.356015,-1.0112829,-0.3119648,1.356015,-1.0112864,-0.3119931,1.3560646,-1.01129,-0.3120782,1.3560009,-1.0112878,-0.311986,1.3560292,-1.0112864,-0.3120002,1.3560009,-1.0112885,-0.3120002,1.3560221,-1.0112885,-0.3120144,1.3559796,-1.0112893,-0.311986,1.3559867,-1.0112893,-0.3119931,1.3560221,-1.0112885,-0.3120215,1.3560363,-1.0112893,-0.3120357,1.3560009,-1.0112885,-0.3119931,1.3560221,-1.0112864,-0.3119931,1.3560292,-1.0112843,-0.311986,1.3560009,-1.0112864,-0.311979,1.356015,-1.011285,-0.311979,1.3559938,-1.0112942,-0.3120357,1.3559654,-1.0112992,-0.312064,1.3559725,-1.0112992,-0.312064,1.3560009,-1.0112949,-0.3120569,1.3559654,-1.0113027,-0.3120924,1.3559867,-1.0113034,-0.3121278,1.3560009,-1.0113006,-0.3121136,1.3559938,-1.0113027,-0.3121207,1.3560009,-1.0113048,-0.3121491,1.3559938,-1.0113048,-0.312142,1.3559796,-1.0113048,-0.3121278,1.3560009,-1.0113013,-0.3121207,1.3559583,-1.011307,-0.3121278,1.3558804,-1.0113169,-0.312142,1.3558591,-1.011319,-0.312142,1.3559087,-1.0113176,-0.3121845,1.3559087,-1.011319,-0.3121916,1.3559087,-1.011319,-0.3121916,1.3559725,-1.0113134,-0.3122058,1.3560009,-1.0113169,-0.3122625,1.3560079,-1.0113204,-0.3122979,1.3559867,-1.0113134,-0.3122199,1.3560363,-1.0113091,-0.312227,1.356015,-1.0113148,-0.3122554,1.3560221,-1.0113155,-0.3122766,1.3560363,-1.0113211,-0.3123404,1.3560221,-1.0113247,-0.3123688,1.3559796,-1.0113247,-0.3123121,1.3560009,-1.0113204,-0.3122908,1.3559796,-1.0113204,-0.3122766,1.3559512,-1.0113211,-0.3122554,1.3559583,-1.0113247,-0.3122979,1.3559725,-1.0113254,-0.3123192,1.3560292,-1.0113233,-0.3123546,1.3559938,-1.0113268,-0.3123546,1.3559654,-1.0113268,-0.3123192,1.3560221,-1.0113254,-0.3123688,1.3559725,-1.0113233,-0.3122979,1.3559796,-1.0113254,-0.3123263,1.3559725,-1.0113247,-0.312305,1.3559725,-1.011319,-0.3122483,1.3559512,-1.0113169,-0.3122128,1.3559583,-1.0113134,-0.3121916,1.3560079,-1.0113112,-0.3122199,1.3560009,-1.0113134,-0.3122341,1.3560009,-1.0113148,-0.3122483,1.3560363,-1.0113155,-0.3122908,1.3560292,-1.0113289,-0.3123971,1.356015,-1.0113311,-0.3124184,1.356015,-1.0113353,-0.3124538,1.3560221,-1.0113318,-0.3124326,1.3560221,-1.0113247,-0.3123617,1.356015,-1.0113233,-0.3123404,1.3559867,-1.0113247,-0.3123192,1.3560363,-1.0113297,-0.3124255,1.3559796,-1.0113417,-0.3124893,1.3560079,-1.0113332,-0.3124255,1.3560079,-1.0113289,-0.312383,1.3559938,-1.0113268,-0.3123546,1.3560576,-1.0113389,-0.3125247,1.3560292,-1.0113417,-0.3125318,1.3560363,-1.0113438,-0.3125602,1.3560505,-1.011346,-0.3125956,1.3560292,-1.0113538,-0.3126523,1.3560009,-1.011353,-0.3126027,1.356015,-1.0113516,-0.3126169,1.3560221,-1.0113516,-0.3126169,1.3560505,-1.0113573,-0.3126948,1.3560292,-1.0113573,-0.3126736,1.3560009,-1.0113538,-0.3126169,1.3560079,-1.011353,-0.3126098,1.3560859,-1.0113573,-0.3127303,1.3560717,-1.011358,-0.3127303,1.3560434,-1.0113658,-0.3127657,1.3560434,-1.0113658,-0.3127728,1.3560434,-1.0113651,-0.3127586,1.3560717,-1.0113615,-0.3127586,1.356093,-1.0113623,-0.312787,1.3560221,-1.0113637,-0.3127303,1.3560434,-1.0113623,-0.3127373,1.3560292,-1.0113665,-0.3127728,1.3561001,-1.0113757,-0.3129216,1.3560859,-1.0113828,-0.3129854,1.3560505,-1.0113835,-0.31295,1.3560434,-1.0113757,-0.312872,1.3560717,-1.0113757,-0.3129004,1.3560717,-1.0113743,-0.3128791,1.3560576,-1.0113736,-0.3128578,1.3561001,-1.0113743,-0.3129145,1.3561143,-1.0113764,-0.31295,1.3560859,-1.0113807,-0.3129571,1.3560576,-1.0113779,-0.3129075,1.3560859,-1.0113764,-0.3129216,1.3560576,-1.0113786,-0.3129145,1.3560788,-1.0113743,-0.3128933,1.3560576,-1.0113786,-0.3129145,1.3561072,-1.0113764,-0.31295,1.3561284,-1.0113786,-0.3129854,1.3561143,-1.0113864,-0.3130492,1.356093,-1.0113942,-0.3130917,1.3560717,-1.0113977,-0.3130988,1.3560717,-1.0113991,-0.3131272,1.3560646,-1.0113984,-0.313113,1.3560505,-1.0113963,-0.3130634,1.3560505,-1.011392,-0.313035,1.356178,-1.011397,-0.3132122,1.3560788,-1.0113963,-0.3130988,1.3560717,-1.0113927,-0.3130634,1.3561497,-1.0113942,-0.3131484,1.3561072,-1.0113963,-0.3131343,1.3561143,-1.0113963,-0.3131343,1.3560788,-1.011397,-0.313113,1.356093,-1.0113991,-0.3131414,1.3561568,-1.0113984,-0.313191,1.3561497,-1.0114041,-0.3132477,1.3561426,-1.011409,-0.3132973,1.3561001,-1.0114147,-0.3132973,1.3561355,-1.0114168,-0.3133469,1.3561001,-1.0114147,-0.3132973,1.3561143,-1.0114112,-0.313276,1.356093,-1.011409,-0.3132335,1.3561001,-1.0114097,-0.3132477,1.3561143,-1.0114069,-0.3132406,1.3561497,-1.0114147,-0.3133469,1.356178,-1.0114105,-0.3133327,1.3561072,-1.0114147,-0.3133115,1.3561568,-1.011419,-0.3133965,1.3561001,-1.011431,-0.3134532,1.3560859,-1.0114317,-0.3134461,1.3561143,-1.011431,-0.3134674,1.3560434,-1.0114275,-0.313354,1.3560859,-1.0114232,-0.3133611,1.3561213,-1.0114197,-0.3133611,1.3561497,-1.011419,-0.3133823,1.3561213,-1.0114303,-0.3134674,1.3561426,-1.0114268,-0.3134532,1.3561284,-1.0114367,-0.3135312,1.356178,-1.0114431,-0.3136446,1.3561497,-1.0114367,-0.3135524,1.3560646,-1.0114353,-0.3134532,1.3561284,-1.0114487,-0.3136446,1.3561143,-1.0114494,-0.3136446,1.3561568,-1.0114579,-0.3137651,1.3561355,-1.0114579,-0.3137438,1.3560859,-1.011453,-0.3136446,1.356093,-1.0114509,-0.3136304,1.3561851,-1.0114579,-0.3138005,1.3561284,-1.0114594,-0.3137509,1.3561284,-1.0114579,-0.3137438,1.356093,-1.0114558,-0.31368,1.3561284,-1.0114594,-0.3137509,1.3561284,-1.0114643,-0.3138076,1.3561213,-1.0114601,-0.313758,1.3561001,-1.0114594,-0.3137226,1.3561426,-1.0114579,-0.313758,1.3561355,-1.0114622,-0.3137863,1.3561355,-1.0114594,-0.313758,1.3561639,-1.0114622,-0.3138218,1.3561426,-1.0114714,-0.3138856,1.3561497,-1.0114672,-0.313843,1.3561568,-1.0114643,-0.3138289,1.356178,-1.0114672,-0.3138785,1.3561426,-1.0114714,-0.3138785,1.356171,-1.01147,-0.3138927,1.3561497,-1.0114693,-0.3138643,1.3561355,-1.0114714,-0.3138785,1.3561497,-1.01147,-0.3138714,1.356171,-1.0114721,-0.313921,1.356171,-1.0114735,-0.3139281,1.356178,-1.0114735,-0.3139281,1.3561922,-1.0114735,-0.3139494,1.3561851,-1.0114721,-0.3139281,1.3561355,-1.0114686,-0.313836,1.356256,-1.0114785,-0.3140699,1.3561851,-1.0114757,-0.3139635,1.356178,-1.0114778,-0.3139706,1.3561568,-1.0114806,-0.3139848,1.3562135,-1.0114905,-0.3141407,1.3561497,-1.0114941,-0.3140982,1.3561993,-1.0114905,-0.3141195,1.3561497,-1.0114856,-0.3140202,1.3561497,-1.0114884,-0.3140486,1.3561568,-1.0114898,-0.3140628,1.356171,-1.0114884,-0.3140699,1.3561568,-1.011492,-0.3140911,1.356171,-1.0114941,-0.3141266,1.3561568,-1.0114941,-0.3141053,1.3561426,-1.0114898,-0.3140557,1.356178,-1.0114898,-0.3140982,1.356171,-1.0114905,-0.3140982,1.3561922,-1.0114927,-0.3141336,1.356171,-1.0114948,-0.3141336,1.3562064,-1.0114905,-0.3141336,1.3561497,-1.0114998,-0.314162,1.3561922,-1.0114998,-0.3141974,1.3561993,-1.0115068,-0.3142754,1.3561851,-1.0115146,-0.3143321,1.3562064,-1.0115189,-0.3143959,1.3561851,-1.0115203,-0.3143817,1.3561922,-1.011521,-0.314403,1.3561639,-1.011521,-0.3143746,1.3561426,-1.0115189,-0.3143392,1.356178,-1.0115224,-0.3143959,1.3561213,-1.0115281,-0.3143959,1.3561568,-1.011521,-0.3143675,1.3561993,-1.0115224,-0.3144242,1.3561922,-1.011521,-0.314403,1.3561497,-1.0115203,-0.3143463,1.3561497,-1.0115168,-0.314325,1.3561922,-1.0115139,-0.3143321,1.3561639,-1.0115139,-0.3142967,1.3562206,-1.0115182,-0.314403,1.3562206,-1.011521,-0.3144384,1.3562347,-1.0115232,-0.3144739,1.3562135,-1.0115232,-0.3144455,1.3562206,-1.0115246,-0.3144597,1.3562347,-1.0115281,-0.3145164,1.3561993,-1.0115224,-0.3144242,1.3562489,-1.0115274,-0.3145235,1.3562277,-1.0115288,-0.3145093,1.3562135,-1.0115295,-0.3145093,1.3562347,-1.0115345,-0.3145731,1.3562135,-1.0115352,-0.3145518,1.3562206,-1.0115366,-0.3145802,1.3562347,-1.0115373,-0.3146014,1.3562347,-1.0115366,-0.3145944,1.3561851,-1.0115345,-0.3145164,1.356256,-1.0115331,-0.3145802,1.3562135,-1.0115437,-0.314644,1.3561568,-1.0115515,-0.3146581,1.356256,-1.0115458,-0.3147007,1.3562418,-1.0115451,-0.3146794,1.3562135,-1.0115451,-0.3146581,1.3562347,-1.0115458,-0.3146865,1.3561922,-1.0115451,-0.3146298,1.3561922,-1.0115501,-0.3146794,1.3562418,-1.0115501,-0.3147361,1.3562347,-1.0115472,-0.3146936,1.3562418,-1.0115501,-0.314729,1.3562347,-1.0115515,-0.3147432,1.3562206,-1.0115501,-0.3147078,1.3562418,-1.0115536,-0.3147715,1.3562702,-1.01156,-0.3148566,1.3562418,-1.01156,-0.3148212,1.3562135,-1.0115614,-0.3148141,1.3562418,-1.0115579,-0.314807,1.356256,-1.0115614,-0.3148566,1.3562347,-1.0115614,-0.3148282,1.3562206,-1.0115621,-0.3148282,1.3562277,-1.0115579,-0.3147928,1.3562347,-1.0115536,-0.3147574,1.3562277,-1.0115536,-0.3147503,1.3562631,-1.0115579,-0.3148212,1.3562702,-1.0115593,-0.3148495,1.3562418,-1.0115579,-0.3148141,1.3562489,-1.0115593,-0.3148282,1.3562489,-1.0115579,-0.314807,1.3562702,-1.0115579,-0.3148353,1.3562418,-1.0115657,-0.3148779,1.3562418,-1.0115636,-0.3148637,1.3562277,-1.0115621,-0.3148353,1.3562347,-1.0115678,-0.314892,1.3562915,-1.011565,-0.3149133,1.3562064,-1.0115671,-0.3148495,1.3562489,-1.0115692,-0.3149204,1.356256,-1.0115706,-0.3149417,1.3562489,-1.011565,-0.3148779,1.3562844,-1.0115692,-0.3149417,1.3562206,-1.0115678,-0.314885,1.3562347,-1.0115692,-0.3149062,1.3562489,-1.0115699,-0.3149275,1.3562347,-1.0115671,-0.314885,1.3562347,-1.011565,-0.3148566,1.3562347,-1.0115657,-0.3148708,1.356256,-1.0115636,-0.3148708,1.3562347,-1.0115657,-0.3148708,1.3562277,-1.0115735,-0.3149346,1.3562489,-1.0115713,-0.3149346,1.356256,-1.0115713,-0.3149417,1.3562418,-1.0115742,-0.3149629,1.3562418,-1.0115756,-0.31497,1.3562489,-1.0115763,-0.3149913,1.3562347,-1.0115735,-0.3149487,1.3562489,-1.0115742,-0.3149629,1.3562277,-1.0115742,-0.3149487,1.3562206,-1.0115742,-0.3149417,1.356256,-1.0115756,-0.3149842,1.3562773,-1.0115728,-0.3149842,1.356256,-1.0115742,-0.31497,1.3562844,-1.0115742,-0.3149984,1.3562844,-1.0115777,-0.3150338,1.3562915,-1.0115756,-0.3150196,1.3562702,-1.0115756,-0.3149984,1.3562418,-1.0115735,-0.3149558,1.3562985,-1.0115763,-0.3150338,1.3562773,-1.0115763,-0.3150196,1.3562844,-1.0115756,-0.3150125,1.356256,-1.0115735,-0.31497,1.3562844,-1.0115756,-0.3150125,1.3562702,-1.0115713,-0.3149558,1.356256,-1.0115735,-0.3149629,1.3562985,-1.0115699,-0.3149771,1.3562773,-1.0115721,-0.3149771,1.3562702,-1.0115735,-0.3149771,1.3562844,-1.0115713,-0.3149771,1.3562915,-1.0115713,-0.3149842,1.3563056,-1.0115721,-0.3150054,1.3562702,-1.0115721,-0.3149771,1.3562702,-1.0115692,-0.3149346,1.3562631,-1.0115678,-0.3149204,1.3563056,-1.0115699,-0.3149913,1.3562985,-1.0115742,-0.3150196,1.3562702,-1.0115735,-0.3149771,1.3563836,-1.0115777,-0.315133,1.3562985,-1.0115862,-0.315133,1.3563056,-1.0115876,-0.3151472,1.3563056,-1.0115841,-0.3151259,1.3563056,-1.0115799,-0.3150834,1.3562985,-1.0115862,-0.315133,1.3562844,-1.0115855,-0.3151118,1.3563482,-1.0115926,-0.3152393,1.3563056,-1.0115919,-0.3151897,1.3563198,-1.0115905,-0.3151897,1.3562915,-1.0115905,-0.3151685,1.3563198,-1.0115862,-0.3151614,1.3562915,-1.011594,-0.3151897,1.3563056,-1.0115905,-0.3151826,1.3563127,-1.0115862,-0.3151472,1.3563269,-1.0115862,-0.3151614,1.3563127,-1.0115905,-0.3151897,1.3563482,-1.0115905,-0.3152252,1.3563411,-1.0115898,-0.315211,1.356334,-1.0115947,-0.3152535,1.3563765,-1.0115983,-0.3153244,1.3563907,-1.0116047,-0.3154024,1.3563694,-1.0116061,-0.3153882,1.3563907,-1.0116103,-0.315452,1.3563623,-1.011611,-0.3154378,1.3563198,-1.011611,-0.3153953,1.356334,-1.0116089,-0.3153882,1.3563482,-1.011611,-0.3154236,1.3563765,-1.0116146,-0.3154803,1.3563269,-1.0116132,-0.3154236,1.3563056,-1.0116103,-0.3153669,1.356334,-1.0116132,-0.3154236,1.3563482,-1.0116146,-0.315452,1.3563978,-1.0116203,-0.3155512,1.3564545,-1.0116245,-0.3156504,1.3563836,-1.0116273,-0.3156079,1.3564261,-1.0116273,-0.3156504,1.3563482,-1.0116309,-0.3156008,1.3563978,-1.0116366,-0.3157,1.3563482,-1.0116373,-0.3156717,1.3562915,-1.0116373,-0.3156079,1.3563269,-1.0116366,-0.3156363,1.3563694,-1.0116366,-0.3156717,1.3563694,-1.0116373,-0.3156859,1.3563836,-1.0116408,-0.3157355,1.3563978,-1.0116479,-0.3158205,1.3563552,-1.011655,-0.3158347,1.3563765,-1.011655,-0.3158702,1.3563907,-1.0116592,-0.3159198,1.3563978,-1.0116578,-0.3159127,1.3563694,-1.0116578,-0.3158843,1.3563694,-1.0116557,-0.3158702,1.3563978,-1.0116514,-0.3158489,1.3563836,-1.0116514,-0.3158418,1.3563836,-1.0116507,-0.3158276,1.3563482,-1.0116493,-0.315778,1.3564119,-1.0116479,-0.3158347,1.3564686,-1.0116529,-0.3159339,1.3565112,-1.0116507,-0.3159552,1.3564616,-1.0116599,-0.3160048,1.3563836,-1.0116656,-0.3159694,1.3564403,-1.0116599,-0.3159836,1.3564474,-1.0116642,-0.3160261,1.3564332,-1.0116663,-0.3160332,1.3564261,-1.0116685,-0.3160474,1.3564828,-1.0116713,-0.3161324,1.3564686,-1.0116734,-0.3161324,1.3564261,-1.0116699,-0.3160615,1.3564332,-1.011672,-0.3160828,1.3564616,-1.0116741,-0.3161324,1.3564545,-1.011672,-0.3161041,1.3563978,-1.011672,-0.3160544,1.3564119,-1.0116699,-0.3160474,1.3564686,-1.0116699,-0.316097,1.3564261,-1.0116699,-0.3160544,1.3565253,-1.0116855,-0.3163025,1.3565821,-1.0116918,-0.3164301,1.3565253,-1.0116968,-0.3164159,1.3564757,-1.0116933,-0.316338,1.3564261,-1.0116918,-0.31626,1.3564899,-1.0116897,-0.3163025,1.3563907,-1.0116968,-0.3162812,1.3563623,-1.0116961,-0.3162387,1.3563482,-1.0116968,-0.3162316,1.3563552,-1.0117046,-0.3163167,1.3564119,-1.0116996,-0.3163238,1.3563978,-1.0117039,-0.316345,1.3563978,-1.0117039,-0.316345,1.3563836,-1.0117039,-0.316338,1.3564119,-1.011706,-0.3163805,1.3564403,-1.0117003,-0.3163663,1.3565608,-1.0117046,-0.3165293,1.3564403,-1.011706,-0.3164159,1.3564049,-1.0117067,-0.3163876,1.3563623,-1.0117223,-0.3164868,1.3564899,-1.011723,-0.3166356,1.3565112,-1.011723,-0.3166498,1.3565183,-1.0117181,-0.3166073,1.3564757,-1.0117131,-0.3165222,1.3565112,-1.0117152,-0.3165718,1.3564474,-1.0117188,-0.3165435,1.3565253,-1.0117188,-0.3166215,1.3564545,-1.0117273,-0.3166356,1.3567238,-1.0117429,-0.3170538,1.356575,-1.0117578,-0.3170467,1.3564119,-1.01175,-0.3168128,1.3565112,-1.01175,-0.316905,1.3565891,-1.011745,-0.3169333,1.3564686,-1.0117514,-0.3168766,1.356419,-1.0117493,-0.3168057,1.3564757,-1.0117549,-0.316905,1.3565041,-1.0117478,-0.3168766,1.3565395,-1.0117415,-0.3168483,1.3565324,-1.0117429,-0.3168554,1.3564616,-1.0117415,-0.3167703,1.3564616,-1.0117351,-0.3167065,1.3564828,-1.0117329,-0.3167136,1.356497,-1.0117294,-0.3166923,1.3564757,-1.0117266,-0.3166498,1.3564474,-1.011723,-0.316586,1.3567167,-1.0117493,-0.3171034,1.3565395,-1.0117471,-0.3168979,1.3566317,-1.0117493,-0.3170184,1.3565821,-1.0117528,-0.3169971,1.356575,-1.0117592,-0.3170609,1.3566104,-1.0117698,-0.3171885,1.3565962,-1.0117634,-0.3171247,1.356575,-1.0117613,-0.3170751,1.3565891,-1.0117578,-0.3170609,1.3566033,-1.0117656,-0.317146,1.3567663,-1.0117733,-0.3173799,1.35666,-1.0117819,-0.3173586,1.3566246,-1.0117719,-0.317231,1.3566246,-1.0117755,-0.3172665,1.3567025,-1.0117904,-0.3174862,1.3567096,-1.0117918,-0.3175004,1.3566458,-1.0117897,-0.3174153,1.3566388,-1.0117939,-0.3174507,1.3566104,-1.0117875,-0.3173657,1.3566104,-1.0117847,-0.3173373,1.3566175,-1.011784,-0.3173302,1.3565821,-1.0117904,-0.3173586,1.3566175,-1.011796,-0.3174507,1.3565962,-1.0117918,-0.3173869,1.3566033,-1.0117847,-0.3173302,1.3566529,-1.0117982,-0.3175004,1.3566884,-1.0118038,-0.3175854,1.3566317,-1.0118017,-0.3175145,1.3565466,-1.0118003,-0.3174224,1.3566246,-1.0117989,-0.3174933,1.3565821,-1.0118123,-0.3175712,1.3566671,-1.011806,-0.3175996,1.3566458,-1.0118102,-0.3176067,1.3566884,-1.0118201,-0.3177555,1.3566955,-1.0118308,-0.3178547,1.3566955,-1.0118329,-0.3178831,1.3566813,-1.0118315,-0.3178547,1.3567096,-1.0118308,-0.317876,1.3566955,-1.0118308,-0.3178689,1.3566884,-1.0118336,-0.3178831,1.3567096,-1.0118371,-0.3179398,1.3566955,-1.0118357,-0.3179044,1.3566884,-1.0118357,-0.3179044,1.3566246,-1.0118428,-0.3179044,1.3567096,-1.0118414,-0.3179752,1.3566955,-1.0118428,-0.3179681,1.3566955,-1.0118435,-0.3179823,1.356575,-1.0118414,-0.3178406,1.3566529,-1.0118428,-0.3179256,1.3566742,-1.0118428,-0.317954,1.3566529,-1.0118428,-0.3179327,1.35666,-1.0118428,-0.3179327,1.3566317,-1.0118456,-0.3179398,1.35666,-1.0118393,-0.3179044,1.356738,-1.0118414,-0.3180036,1.3567805,-1.0118449,-0.3180816,1.3567309,-1.0118449,-0.3180319,1.3567025,-1.0118428,-0.3179823,1.3567167,-1.0118386,-0.317954,1.3567947,-1.0118428,-0.3180745,1.3567663,-1.0118492,-0.318117,1.3567025,-1.0118513,-0.3180674,1.3568868,-1.0118591,-0.3183225,1.3568159,-1.0118775,-0.3184147,1.3567238,-1.0118712,-0.31828,1.3569081,-1.0118712,-0.3184572,1.356901,-1.0118839,-0.3185706,1.3570286,-1.0118896,-0.318762,1.3568372,-1.0119165,-0.3188187,1.3568585,-1.0119123,-0.3187974,1.3567876,-1.0119052,-0.3186698,1.3567734,-1.0119031,-0.3186273,1.356901,-1.0119066,-0.3187903,1.3568443,-1.011925,-0.3189037,1.356979,-1.0119293,-0.319088,1.3568443,-1.0119328,-0.3189817,1.3568018,-1.0119328,-0.3189392,1.3567947,-1.0119293,-0.3188966,1.3568372,-1.011935,-0.3189959,1.3568939,-1.011952,-0.3192085,1.3568868,-1.011952,-0.3192156,1.3569506,-1.0119633,-0.3193786,1.3568656,-1.0119661,-0.319329,1.3568514,-1.0119633,-0.3192723,1.3568868,-1.0119633,-0.3193148,1.3569081,-1.0119654,-0.3193574,1.356823,-1.0119746,-0.3193644,1.3568443,-1.0119817,-0.3194424,1.3568089,-1.0119782,-0.3193786,1.3568301,-1.0119725,-0.3193503,1.356823,-1.0119697,-0.3193148,1.3568443,-1.0119718,-0.3193644,1.3568443,-1.0119704,-0.3193503,1.3568585,-1.0119761,-0.3194141,1.3567947,-1.0119704,-0.3192936,1.3568159,-1.0119633,-0.319251,1.3568159,-1.0119605,-0.3192227,1.3567947,-1.0119555,-0.3191589,1.3568443,-1.0119562,-0.3192085,1.3570286,-1.0119676,-0.3194991,1.3568727,-1.0119676,-0.3193432,1.3569152,-1.0119739,-0.3194495,1.3568159,-1.0119718,-0.319329,1.356901,-1.0119754,-0.3194424,1.3568443,-1.0119746,-0.3193928,1.3568089,-1.0119746,-0.3193503,1.3568372,-1.0119824,-0.3194495,1.3568514,-1.0119888,-0.3195275,1.3568656,-1.0119959,-0.3195983,1.3568372,-1.0119924,-0.3195487,1.3569364,-1.0120108,-0.3198181,1.3569152,-1.0120186,-0.3198748,1.3569931,-1.0120214,-0.3199811,1.3569861,-1.0120214,-0.319974,1.356901,-1.012015,-0.3198251,1.3569648,-1.0120129,-0.3198677,1.3568514,-1.0120129,-0.3197472,1.3568727,-1.0120129,-0.3197755,1.3568585,-1.0120115,-0.3197543,1.3569152,-1.0120129,-0.3198251,1.3569081,-1.0120172,-0.3198535,1.3570498,-1.0120434,-0.3202362,1.3568939,-1.0120434,-0.3200945,1.3569577,-1.0120661,-0.3203638,1.3568301,-1.0120604,-0.3201937,1.3568939,-1.0120554,-0.3202008,1.3569506,-1.0120597,-0.3203071,1.3570215,-1.0120639,-0.3204134,1.3569294,-1.0120803,-0.3204701,1.3569506,-1.0120866,-0.3205552,1.3569081,-1.0120923,-0.3205623,1.3568372,-1.0120888,-0.3204631,1.3568939,-1.0120888,-0.3205127,1.3568797,-1.0120909,-0.3205198,1.3569152,-1.012081,-0.3204701,1.3569364,-1.0120845,-0.3205198,1.3569577,-1.0120909,-0.3206119,1.3570215,-1.0120973,-0.3207324,1.3569719,-1.0120944,-0.3206544,1.3569719,-1.0120916,-0.320619,1.3569719,-1.012093,-0.3206402,1.3570144,-1.0120923,-0.3206686,1.3569506,-1.0120951,-0.3206402,1.3570215,-1.0121072,-0.3208316,1.3569861,-1.0121107,-0.3208174,1.3570498,-1.0121178,-0.3209592,1.3570215,-1.0121235,-0.3209805,1.3570073,-1.0121235,-0.3209663,1.3569861,-1.0121292,-0.3209946,1.3569577,-1.0121228,-0.3209025,1.3569648,-1.0121214,-0.3209025,1.3569506,-1.0121228,-0.3209025,1.3569577,-1.0121277,-0.3209521,1.3569577,-1.0121313,-0.3209875,1.3569931,-1.0121313,-0.321023,1.3569577,-1.012127,-0.3209521,1.3569931,-1.012127,-0.3209875,1.3569861,-1.0121256,-0.3209663,1.3570002,-1.0121292,-0.3210088,1.3570498,-1.0121355,-0.3211222,1.3570002,-1.0121355,-0.3210726,1.3570073,-1.0121355,-0.3210797,1.3569931,-1.0121419,-0.3211293,1.3570215,-1.0121504,-0.3212427,1.3570286,-1.012154,-0.3212781,1.3570002,-1.0121525,-0.3212356,1.356979,-1.0121568,-0.3212569,1.3570286,-1.012154,-0.3212711,1.3570286,-1.0121547,-0.3212923,1.3570002,-1.0121483,-0.3211931,1.3570144,-1.0121483,-0.3212073,1.3570286,-1.0121497,-0.3212356,1.3570215,-1.0121497,-0.3212285,1.3570073,-1.0121483,-0.3212073,1.3570215,-1.0121504,-0.3212427,1.3570144,-1.0121504,-0.3212285,1.3570286,-1.012154,-0.3212781
2020-05-11.out.3,0.0,1.3570144,-1.012154,-0.321264,1.3569931,-1.0121518,-0.3212214,1.3569861,-1.0121497,-0.3212002,1.3569931,-1.0121497,-0.3212002,1.3570215,-1.0121483,-0.3212214,1.3570215,-1.0121462,-0.3212002,1.3569577,-1.0121483,-0.3211647,1.3569861,-1.0121518,-0.3212073,1.3569577,-1.0121561,-0.3212285,1.3569719,-1.0121561,-0.3212427,1.3570002,-1.0121568,-0.3212711,1.356979,-1.0121561,-0.3212427,1.3570073,-1.012154,-0.3212569,1.3570215,-1.0121497,-0.3212285,1.3570215,-1.012154,-0.3212711,1.3570073,-1.012154,-0.3212498,1.3570073,-1.012154,-0.3212569,1.3570428,-1.0121525,-0.3212852,1.3570286,-1.0121547,-0.3212852,1.3570002,-1.012154,-0.3212498,1.3570357,-1.0121504,-0.3212569,1.3570428,-1.0121561,-0.3213136,1.3569931,-1.0121589,-0.3212994,1.3569223,-1.0121525,-0.3211577,1.3569294,-1.0121504,-0.3211435,1.3568868,-1.012154,-0.3211364,1.3570073,-1.0121525,-0.3212427,1.3569861,-1.0121568,-0.3212569,1.3570498,-1.0121582,-0.3213349,1.3570144,-1.0121589,-0.3213136,1.3570144,-1.0121618,-0.3213349,1.3570782,-1.0121625,-0.3214057,1.3570286,-1.0121625,-0.3213561,1.3570569,-1.0121646,-0.3214128,1.3570144,-1.0121646,-0.3213632,1.3570073,-1.0121589,-0.3213065,1.3570073,-1.0121589,-0.3213136,1.3571065,-1.012166,-0.3214624,1.3571065,-1.0121703,-0.321512,1.3570357,-1.0121703,-0.3214412,1.3570924,-1.0121759,-0.3215475,1.3571633,-1.0121759,-0.3216184,1.3571703,-1.0121809,-0.3216751,1.3570995,-1.0121894,-0.3216892,1.3571136,-1.0121866,-0.3216751,1.3571065,-1.0121986,-0.3217814,1.35722,-1.0122121,-0.3220295,1.3571349,-1.0122192,-0.3220011,1.3571845,-1.0122199,-0.3220578,1.3571349,-1.0122277,-0.3220862,1.357142,-1.0122319,-0.3221358,1.3572058,-1.0122468,-0.3223413,1.3572129,-1.0122447,-0.3223271,1.3572058,-1.0122468,-0.3223484,1.3571633,-1.0122489,-0.3223201,1.3572341,-1.0122589,-0.3224831,1.35722,-1.0122667,-0.3225469,1.3573334,-1.0122723,-0.322717,1.3571703,-1.0122752,-0.3225823,1.3572058,-1.0122837,-0.3226957,1.3572554,-1.0122915,-0.3228233,1.3572058,-1.0122929,-0.3227737,1.3571562,-1.0122908,-0.3227028,1.3571916,-1.0122936,-0.3227737,1.3571633,-1.0122957,-0.3227666,1.3571703,-1.0122971,-0.3227879,1.357227,-1.0123085,-0.322958,1.357227,-1.0123134,-0.3229934,1.3571916,-1.0123205,-0.3230359,1.3571987,-1.0123163,-0.3230005,1.3571491,-1.0123085,-0.3228729,1.3572979,-1.0123099,-0.3230359,1.35722,-1.0123141,-0.3229934,1.3572837,-1.0123113,-0.3230288,1.3571491,-1.0123085,-0.32288,1.3571703,-1.012312,-0.3229296,1.3572696,-1.0123184,-0.3230926,1.3572058,-1.0123248,-0.3230855,1.357227,-1.0123262,-0.3231139,1.3571987,-1.0123312,-0.3231493,1.3572554,-1.0123347,-0.3232273,1.3573334,-1.012351,-0.3234754,1.3572412,-1.0123588,-0.323447,1.3571703,-1.012351,-0.3232911,1.3572979,-1.0123475,-0.3233974,1.3572837,-1.0123475,-0.3233832,1.3572554,-1.0123595,-0.3234683,1.3571633,-1.0123694,-0.3234612,1.3572979,-1.0123638,-0.3235533,1.3573263,-1.012368,-0.3236242,1.3573617,-1.0123836,-0.3238014,1.3572837,-1.0123886,-0.3237731,1.3572837,-1.0123864,-0.3237518,1.3571987,-1.0123794,-0.3235959,1.3571987,-1.0123751,-0.3235533,1.3573688,-1.0123758,-0.3237376,1.3573759,-1.0124042,-0.324007,1.3573334,-1.0124063,-0.3239857,1.3573546,-1.0124084,-0.3240353,1.3573617,-1.0124077,-0.3240211,1.3572908,-1.0124084,-0.3239644,1.3572979,-1.0124063,-0.3239503,1.3572908,-1.0123999,-0.3238865,1.3572979,-1.0123985,-0.3238794,1.3573334,-1.0124027,-0.3239503,1.3572908,-1.0124027,-0.3239148,1.3573688,-1.0124077,-0.3240282,1.3572979,-1.0124105,-0.3239857,1.3573334,-1.0124148,-0.3240707,1.3573759,-1.0124283,-0.3242338,1.3573263,-1.012429,-0.3241983,1.3573121,-1.0124226,-0.3241204,1.3573263,-1.0124268,-0.3241771,1.3573546,-1.0124325,-0.324255,1.3573546,-1.0124346,-0.3242763,1.3573121,-1.0124375,-0.3242692,1.3573546,-1.0124346,-0.3242763,1.3573546,-1.0124346,-0.3242834,1.3573404,-1.0124346,-0.3242692,1.3573334,-1.0124431,-0.3243401,1.3573192,-1.0124417,-0.3243117,1.3573263,-1.0124389,-0.3242905,1.3573334,-1.0124396,-0.3243117,1.3573404,-1.0124396,-0.3243117,1.3573759,-1.0124375,-0.324333,1.3573263,-1.0124389,-0.3242976,1.3573263,-1.0124354,-0.3242692,1.3573121,-1.0124311,-0.3242054,1.3572837,-1.0124332,-0.3241983,1.3573617,-1.0124332,-0.3242763,1.3573404,-1.0124375,-0.3242976,1.3573617,-1.0124368,-0.3243046,1.3573475,-1.0124396,-0.324333,1.3573759,-1.0124517,-0.3244677,1.3573475,-1.0124495,-0.324418,1.3573546,-1.0124431,-0.3243684,1.3573334,-1.0124389,-0.3242976,1.3574113,-1.0124474,-0.3244606,1.3574893,-1.0124594,-0.3246519,1.3573901,-1.0124602,-0.3245598,1.3574042,-1.0124644,-0.3246165,1.3573971,-1.0124623,-0.3245882,1.3574113,-1.0124637,-0.3246165,1.3574255,-1.0124637,-0.3246307,1.3574184,-1.0124616,-0.3246023,1.3574255,-1.0124665,-0.324659,1.357468,-1.0124694,-0.3247299,1.3574042,-1.0124665,-0.3246449,1.3574113,-1.0124637,-0.3246165,1.3573546,-1.0124623,-0.3245456,1.3573192,-1.012458,-0.3244677,1.3573404,-1.0124552,-0.3244606,1.3573759,-1.0124594,-0.3245385,1.3573617,-1.012468,-0.3246094,1.3574326,-1.0124758,-0.3247512,1.3574255,-1.0124779,-0.3247653,1.3574397,-1.0124758,-0.3247653,1.3574184,-1.0124885,-0.3248646,1.3574113,-1.0124843,-0.3248079,1.3573901,-1.0124843,-0.3247937,1.3573971,-1.0124828,-0.3247937,1.357383,-1.01248,-0.3247441,1.3574326,-1.01248,-0.3247937,1.3573759,-1.0124899,-0.3248221,1.3574397,-1.0124885,-0.3248858,1.3574539,-1.0124949,-0.3249496,1.3574326,-1.0124984,-0.3249638,1.3574184,-1.0124963,-0.3249355,1.3573901,-1.0125006,-0.3249425,1.3574255,-1.0125062,-0.3250347,1.3574468,-1.0125112,-0.3251056,1.3574397,-1.0125084,-0.3250701,1.3574468,-1.0125105,-0.3250914,1.3574468,-1.0125112,-0.3251056,1.3574113,-1.0125105,-0.3250559,1.3574397,-1.0125112,-0.3250985,1.3574468,-1.0125126,-0.3251268,1.3574539,-1.0125176,-0.3251764,1.3573971,-1.0125197,-0.325141,1.3573901,-1.0125197,-0.3251339,1.3574113,-1.0125169,-0.3251268,1.3574184,-1.0125147,-0.3251056,1.3574964,-1.0125169,-0.3252048,1.3574751,-1.0125211,-0.3252261,1.3574893,-1.0125254,-0.3252898,1.357468,-1.0125275,-0.3252757,1.3574326,-1.0125339,-0.3253111,1.3574964,-1.0125339,-0.3253749,1.3574609,-1.0125417,-0.3254033,1.3574113,-1.0125353,-0.3252969,1.3574113,-1.0125395,-0.3253324,1.3574751,-1.0125424,-0.3254316,1.3574468,-1.0125417,-0.3253962,1.3574822,-1.0125459,-0.3254741,1.3575106,-1.0125502,-0.3255379,1.3574609,-1.0125523,-0.3255167,1.3574751,-1.0125502,-0.3254954,1.3574751,-1.0125459,-0.325467,1.3574964,-1.0125452,-0.3254741,1.3574964,-1.0125459,-0.3254812,1.3575389,-1.0125558,-0.3256159,1.3575673,-1.0125566,-0.3256655,1.3574822,-1.0125622,-0.325623,1.3574893,-1.0125566,-0.3255875,1.357624,-1.0125643,-0.3257931,1.3575389,-1.0125651,-0.3257151,1.3575318,-1.0125651,-0.325708,1.3574822,-1.0125679,-0.3256797,1.3575389,-1.012575,-0.3258002,1.3575106,-1.0125785,-0.3258143,1.3575602,-1.0125835,-0.3259136,1.3575743,-1.0125906,-0.3259915,1.3575389,-1.0125892,-0.3259419,1.3575602,-1.0126019,-0.3260908,1.3576027,-1.0126019,-0.3261333,1.357546,-1.0125998,-0.3260482,1.3575602,-1.0125934,-0.3259986,1.3574893,-1.012587,-0.325871,1.3575247,-1.0125849,-0.3258852,1.3575176,-1.0125828,-0.3258569,1.3575176,-1.0125913,-0.3259348,1.3575673,-1.0125913,-0.3259915,1.3575531,-1.0125927,-0.3259915,1.3575743,-1.0125913,-0.3259986,1.3575602,-1.0125934,-0.3260057,1.3575389,-1.012597,-0.3260199,1.3575743,-1.0125934,-0.3260199,1.3575602,-1.0125927,-0.3259915,1.3575389,-1.0125927,-0.3259703,1.3575602,-1.0125913,-0.3259845,1.3575602,-1.0126012,-0.3260695,1.3575814,-1.0126019,-0.326112,1.3575956,-1.0126097,-0.32619,1.3576452,-1.0126161,-0.3263105,1.3576452,-1.012614,-0.3262892,1.357624,-1.012614,-0.3262609,1.3576098,-1.0126182,-0.3262892,1.3576381,-1.0126161,-0.3262963,1.3576098,-1.0126175,-0.3262751,1.3575743,-1.012614,-0.3262113,1.3576027,-1.0126225,-0.3263247,1.3577445,-1.0126381,-0.3266153,1.3577799,-1.012643,-0.3267003,1.3577657,-1.0126607,-0.3268492,1.3577941,-1.0126728,-0.3269909,1.3577161,-1.0126792,-0.3269767,1.3577374,-1.0126692,-0.326913,1.3577515,-1.0126799,-0.3270193,1.3577161,-1.0126863,-0.3270476,1.3577232,-1.0126891,-0.327076,1.3577161,-1.0126891,-0.3270689,1.3577161,-1.0126863,-0.3270547,1.3577019,-1.0126912,-0.3270689,1.357709,-1.0126891,-0.3270618,1.3576594,-1.0126898,-0.3270193,1.3576452,-1.0126891,-0.326998,1.3576807,-1.0126877,-0.3270264,1.3576948,-1.0126877,-0.3270405,1.357787,-1.0126941,-0.3271965,1.3577941,-1.0127075,-0.327317,1.3577799,-1.0127019,-0.3272603,1.3577586,-1.012704,-0.3272532,1.3577303,-1.0127061,-0.3272532,1.3578224,-1.0127096,-0.3273737,1.3577799,-1.0127224,-0.3274516,1.3577161,-1.0127189,-0.3273595,1.3576948,-1.0127182,-0.3273311,1.3577799,-1.0127224,-0.3274516,1.3577232,-1.0127224,-0.3273878,1.3577657,-1.012721,-0.3274304,1.3576807,-1.0127252,-0.3273807,1.357709,-1.0127231,-0.327402,1.3576948,-1.012721,-0.3273595,1.3577232,-1.0127245,-0.3274162,1.3577161,-1.0127245,-0.3274162,1.3577232,-1.0127252,-0.3274304,1.3577303,-1.0127245,-0.3274233,1.3577161,-1.0127238,-0.3274091,1.3576948,-1.0127231,-0.3273807,1.3577303,-1.0127252,-0.3274304,1.3577303,-1.0127267,-0.3274445,1.3577515,-1.0127295,-0.3274942,1.3577303,-1.0127295,-0.3274729,1.3577303,-1.0127295,-0.3274729,1.357709,-1.0127309,-0.3274658,1.3577374,-1.0127281,-0.3274587,1.3577657,-1.0127309,-0.3275296,1.3577374,-1.0127373,-0.3275509,1.3577515,-1.0127373,-0.3275721,1.3577303,-1.0127366,-0.3275367,1.3577515,-1.0127345,-0.3275367,1.3578153,-1.0127415,-0.3276784,1.3577657,-1.0127408,-0.3276146,1.3578082,-1.0127408,-0.3276643,1.3578012,-1.0127437,-0.3276855,1.3577941,-1.0127493,-0.327721,1.3577445,-1.0127458,-0.327643,1.3577515,-1.0127472,-0.3276572,1.3577728,-1.0127493,-0.3277068,1.3577657,-1.0127536,-0.3277351,1.3578153,-1.0127536,-0.3277848,1.3578012,-1.0127479,-0.3277281,1.3577657,-1.0127508,-0.3277139,1.3577799,-1.0127493,-0.3277139,1.3577515,-1.0127493,-0.3276784,1.3578012,-1.0127557,-0.3277989,1.3577657,-1.0127571,-0.3277706,1.3577941,-1.0127557,-0.3277918,1.3578295,-1.0127571,-0.3278273,1.3578153,-1.0127614,-0.3278627,1.3577799,-1.0127642,-0.3278485,1.3577728,-1.0127621,-0.3278202,1.3577303,-1.0127664,-0.3278273,1.3578012,-1.0127656,-0.327884,1.3577941,-1.0127642,-0.3278698,1.3578153,-1.0127664,-0.3279123,1.3577728,-1.0127699,-0.3279052,1.3578791,-1.0127713,-0.3280116,1.3578579,-1.0127841,-0.3281179,1.3578012,-1.012789,-0.3281179,1.3578791,-1.0127869,-0.3281675,1.3578295,-1.0127869,-0.328125,1.3578224,-1.0127869,-0.3281108,1.3578508,-1.0127848,-0.328125,1.3578012,-1.0127841,-0.3280541,1.3578012,-1.0127841,-0.3280612,1.3578153,-1.0127819,-0.3280541,1.3578366,-1.0127819,-0.3280683,1.3578579,-1.0127827,-0.3281108,1.3578295,-1.0127805,-0.3280541,1.3577941,-1.0127798,-0.3280116,1.3578508,-1.0127862,-0.3281321,1.3579075,-1.0128011,-0.3283234,1.3578082,-1.0128011,-0.3282384,1.357872,-1.0127968,-0.3282596,1.3578791,-1.0127982,-0.3282738,1.3578579,-1.012799,-0.3282667,1.3578649,-1.0127947,-0.3282313,1.3578791,-1.0127982,-0.3282738,1.3579287,-1.0128025,-0.328366,1.3578579,-1.0128068,-0.3283305,1.3578366,-1.0128068,-0.3283093,1.3578295,-1.0128053,-0.3282951,1.3578295,-1.0128068,-0.3283022,1.3578862,-1.0128075,-0.3283801,1.3578862,-1.0128046,-0.3283376,1.3578791,-1.0128068,-0.328366,1.3578508,-1.0128068,-0.3283305,1.3579004,-1.0128096,-0.3284014,1.3579146,-1.0128117,-0.328451,1.3579429,-1.0128117,-0.3284723,1.3579075,-1.0128188,-0.3285077,1.3578862,-1.0128174,-0.3284652,1.3579004,-1.0128153,-0.3284652,1.3578791,-1.0128174,-0.3284581,1.3579216,-1.0128153,-0.3284864,1.3578933,-1.0128167,-0.3284581,1.3579146,-1.0128153,-0.3284794,1.3579216,-1.0128195,-0.3285148,1.3579146,-1.0128231,-0.3285431,1.3578862,-1.0128231,-0.3285148,1.3578933,-1.0128216,-0.3285077,1.357872,-1.0128216,-0.3284935,1.3578791,-1.0128231,-0.3285077,1.3578649,-1.0128216,-0.3284794,1.357872,-1.0128273,-0.3285361,1.3578933,-1.012828,-0.3285857,1.3578791,-1.0128301,-0.3285715,1.3578791,-1.012828,-0.3285573,1.3578862,-1.0128259,-0.3285502,1.3579287,-1.0128316,-0.3286424,1.3579358,-1.0128316,-0.3286566,1.3579216,-1.0128351,-0.3286707,1.3578791,-1.0128379,-0.3286636,1.3579287,-1.0128394,-0.3287133,1.3579429,-1.0128401,-0.3287416,1.3579925,-1.0128401,-0.3287841,1.3579571,-1.0128358,-0.3287203,1.3579075,-1.0128351,-0.3286495,1.3579287,-1.0128351,-0.3286707,1.3579571,-1.0128316,-0.3286636,1.3579287,-1.0128394,-0.3287133,1.3579642,-1.0128379,-0.3287345,1.3579854,-1.0128394,-0.32877,1.3579642,-1.0128457,-0.3288125,1.3579571,-1.0128443,-0.3287912,1.3579854,-1.0128422,-0.3288054,1.35795,-1.0128436,-0.328777,1.35795,-1.0128436,-0.328777,1.3579642,-1.0128443,-0.3288054,1.35795,-1.0128443,-0.3287841,1.3579642,-1.0128436,-0.3287841,1.35795,-1.0128436,-0.328777,1.3579429,-1.0128415,-0.3287558,1.35795,-1.0128422,-0.32877,1.3579571,-1.0128401,-0.3287558,1.3579783,-1.0128401,-0.328777,1.3579358,-1.0128415,-0.3287416,1.3579429,-1.0128422,-0.3287629,1.3579996,-1.0128436,-0.3288267,1.3579358,-1.0128401,-0.3287274,1.3579783,-1.0128401,-0.328777,1.3580067,-1.0128422,-0.3288196,1.3579854,-1.0128415,-0.3287912,1.3580067,-1.0128401,-0.3288054,1.3579854,-1.0128436,-0.3288054,1.3580138,-1.0128415,-0.3288267,1.3580067,-1.0128436,-0.3288267,1.3580067,-1.0128436,-0.3288337,1.3580209,-1.0128422,-0.3288408,1.358028,-1.0128464,-0.3288834,1.3580776,-1.0128507,-0.3289684,1.3580351,-1.0128542,-0.3289684,1.3580351,-1.0128564,-0.3289897,1.3579642,-1.012867,-0.3290251,1.3579713,-1.0128642,-0.3289968,1.358028,-1.0128606,-0.3290251,1.358028,-1.0128642,-0.3290464,1.3580492,-1.0128642,-0.3290747,1.3580421,-1.0128691,-0.3291243,1.3580351,-1.0128663,-0.3290747,1.358028,-1.0128606,-0.329018,1.3580138,-1.0128599,-0.3289968,1.3580209,-1.0128599,-0.3290039,1.3580421,-1.012867,-0.329096,1.358028,-1.012867,-0.3290818,1.358028,-1.0128684,-0.329096,1.3580847,-1.0128727,-0.3291881,1.3580209,-1.012879,-0.3291952,1.3580918,-1.0128776,-0.3292448,1.3580563,-1.012879,-0.3292307,1.358028,-1.0128812,-0.3292236,1.3580067,-1.0128734,-0.3291243,1.3580209,-1.012879,-0.3291881,1.358028,-1.0128755,-0.329174,1.3579925,-1.0128734,-0.3291173,1.3580067,-1.0128734,-0.3291314,1.358028,-1.0128727,-0.3291385,1.3580563,-1.0128727,-0.3291598,1.3580634,-1.0128691,-0.3291385,1.3580563,-1.0128734,-0.329174,1.3580421,-1.0128769,-0.3291881,1.3580492,-1.0128755,-0.329181,1.3580634,-1.0128705,-0.3291527,1.3580421,-1.0128705,-0.3291314,1.3580563,-1.0128776,-0.3292094,1.3580847,-1.012879,-0.3292519,1.3580563,-1.0128833,-0.3292732,1.358113,-1.0128812,-0.3293015,1.3580918,-1.0128798,-0.3292661,1.3580776,-1.0128798,-0.329259,1.3580492,-1.0128812,-0.3292378,1.3580351,-1.0128826,-0.3292307,1.3581201,-1.0128833,-0.3293228,1.3580847,-1.0128868,-0.3293228,1.3580563,-1.0128854,-0.3292874,1.3580776,-1.0128854,-0.3293086,1.3580918,-1.0128847,-0.3293157,1.3581059,-1.0128876,-0.3293582,1.358113,-1.0128932,-0.329422,1.3580563,-1.0128911,-0.329337,1.3581201,-1.012889,-0.3293795,1.3580492,-1.0128932,-0.3293512,1.3581343,-1.0128989,-0.3294858,1.3580067,-1.0129031,-0.3294079,1.3581272,-1.0129039,-0.3295354,1.3581059,-1.0129017,-0.3294929,1.358113,-1.0129039,-0.3295142,1.3581201,-1.012901,-0.3295,1.3581414,-1.0129102,-0.3296063,1.3581059,-1.0129159,-0.3296276,1.358113,-1.0129138,-0.3296063,1.3581201,-1.0129124,-0.3296063,1.3581059,-1.0129117,-0.3295851,1.358113,-1.0129074,-0.3295567,1.3580988,-1.012906,-0.3295213,1.3580705,-1.0129074,-0.3295071,1.3581059,-1.0129039,-0.3295071,1.3579925,-1.0129117,-0.3294716,1.3581059,-1.0129017,-0.3294858,1.3581839,-1.0129124,-0.3296772,1.3581839,-1.0129138,-0.3296843,1.3582122,-1.0129159,-0.3297339,1.3581626,-1.0129223,-0.3297481,1.3581839,-1.0129294,-0.329826,1.358191,-1.0129301,-0.3298473,1.3581414,-1.012928,-0.3297764,1.3581626,-1.0129301,-0.329826,1.3581414,-1.0129322,-0.329819,1.3581272,-1.0129301,-0.3297835,1.3581768,-1.0129329,-0.3298615,1.3582052,-1.0129372,-0.3299253,1.3581839,-1.0129365,-0.329904,1.3580988,-1.0129386,-0.3298331,1.3580988,-1.0129365,-0.3298119,1.3581981,-1.0129365,-0.3299111,1.3581272,-1.0129372,-0.3298473,1.3581414,-1.0129372,-0.3298615,1.3581626,-1.0129393,-0.329904,1.3582122,-1.0129443,-0.3300032,1.3582052,-1.0129492,-0.3300458,1.358191,-1.0129513,-0.3300458,1.3581697,-1.0129485,-0.3299961,1.358276,-1.0129528,-0.330145,1.3581839,-1.0129613,-0.3301379,1.3582052,-1.0129598,-0.330145,1.3581981,-1.0129591,-0.3301379,1.3582122,-1.0129598,-0.330145,1.3582052,-1.0129613,-0.3301592,1.3582193,-1.0129627,-0.3301804,1.3581768,-1.0129641,-0.3301592,1.3581981,-1.0129627,-0.3301521,1.3581768,-1.0129634,-0.3301521,1.3582548,-1.0129577,-0.3301804,1.3582335,-1.0129655,-0.330223,1.3582335,-1.0129676,-0.3302442,1.3582052,-1.0129719,-0.3302655,1.3582122,-1.0129783,-0.3303222,1.358191,-1.0129761,-0.3302938,1.3581981,-1.0129761,-0.3302867,1.3581839,-1.0129804,-0.3303222,1.358191,-1.0129847,-0.3303718,1.3582264,-1.0129776,-0.3303364,1.3582406,-1.0129776,-0.3303505,1.3582193,-1.0129776,-0.3303293,1.358191,-1.0129818,-0.3303364,1.3582052,-1.0129783,-0.3303222,1.3581768,-1.0129783,-0.3302867,1.3581839,-1.0129754,-0.3302726,1.3581697,-1.0129719,-0.330223,1.3582406,-1.012974,-0.3303151,1.3582052,-1.0129754,-0.3302938,1.3581981,-1.0129733,-0.3302655,1.3582052,-1.0129825,-0.3303647,1.3582973,-1.0129847,-0.3304781,1.3582831,-1.0129889,-0.3305065,1.3582548,-1.0129861,-0.3304498,1.3582477,-1.0129917,-0.3304923,1.3582193,-1.0129946,-0.3304852,1.3582619,-1.0129939,-0.3305206,1.3581981,-1.0129903,-0.3304285,1.3582477,-1.0129882,-0.330471,1.3582548,-1.0129967,-0.3305419,1.3582264,-1.0129896,-0.3304498,1.3582619,-1.0129903,-0.3304994,1.3582973,-1.012996,-0.3305844,1.3582477,-1.0130024,-0.3305915,1.3582264,-1.013001,-0.3305632,1.3581981,-1.013001,-0.3305277,1.3582619,-1.0130038,-0.3306199,1.358276,-1.0130038,-0.330634,1.3582477,-1.0130002,-0.3305773,1.3582264,-1.0130002,-0.330549,1.3582193,-1.0129988,-0.3305348,1.3582406,-1.0129988,-0.3305561,1.3582335,-1.0129967,-0.3305277,1.3582193,-1.012996,-0.3304994,1.3582619,-1.0129925,-0.3305136,1.3583044,-1.0129981,-0.3306199,1.358276,-1.0130024,-0.330627,1.3582122,-1.0130002,-0.3305348,1.3582548,-1.0130045,-0.3306199,1.3582477,-1.013001,-0.3305844,1.3582689,-1.0129967,-0.3305561,1.3583044,-1.0130002,-0.330634,1.358276,-1.013001,-0.3306128,1.3582689,-1.0130002,-0.3305986,1.3582619,-1.0130002,-0.3305844,1.3582689,-1.013001,-0.3305986,1.3582477,-1.0130002,-0.3305703,1.358276,-1.0130045,-0.3306411,1.3582406,-1.0130038,-0.3306057,1.3582548,-1.0130045,-0.3306199,1.3582193,-1.0130024,-0.3305561,1.3582406,-1.0130038,-0.3306057,1.3582973,-1.0129981,-0.3306057,1.3582619,-1.013001,-0.3305986,1.3582689,-1.0129988,-0.3305773,1.3582548,-1.013001,-0.3305915,1.3582477,-1.0130002,-0.3305703,1.3582548,-1.0129988,-0.3305703,1.3582619,-1.0129988,-0.3305773,1.3584036,-1.0130151,-0.3308679,1.3582548,-1.0130229,-0.3307971,1.3582477,-1.0130173,-0.3307333,1.3582831,-1.0130194,-0.3307971,1.3582619,-1.0130187,-0.3307616,1.358276,-1.0130173,-0.3307687,1.3582831,-1.0130208,-0.3307971,1.3583115,-1.0130229,-0.3308538,1.3582548,-1.0130258,-0.3308254,1.3582619,-1.0130229,-0.3308112,1.3582902,-1.0130251,-0.3308467,1.3582831,-1.0130229,-0.3308325,1.3584249,-1.0130279,-0.3310168,1.358354,-1.0130435,-0.3310877,1.3583965,-1.0130399,-0.3311018,1.358354,-1.0130463,-0.3311231,1.3583894,-1.013052,-0.3312152,1.3583611,-1.0130541,-0.3312082,1.3583824,-1.0130562,-0.3312436,1.3583186,-1.0130584,-0.3312011,1.3583327,-1.0130584,-0.3312152,1.3582335,-1.0130683,-0.3312082,1.358191,-1.0130747,-0.3312223,1.3582831,-1.013069,-0.3312649,1.3583186,-1.0130619,-0.3312365,1.3583257,-1.013064,-0.3312649,1.3583682,-1.0130683,-0.3313428,1.3583469,-1.0130711,-0.3313499,1.358354,-1.0130725,-0.3313712,1.3583611,-1.0130711,-0.3313712,1.3583327,-1.013069,-0.3313216,1.3583115,-1.0130704,-0.3313074,1.3583044,-1.0130683,-0.331272,1.3583257,-1.013069,-0.3313145,1.3583115,-1.0130669,-0.331272,1.3583044,-1.0130662,-0.3312578,1.3583398,-1.0130619,-0.3312578,1.3583469,-1.0130605,-0.3312507,1.3583894,-1.0130647,-0.3313287,1.3583611,-1.0130647,-0.3313003,1.3583327,-1.013064,-0.3312649,1.3583398,-1.0130683,-0.3313145,1.3583398,-1.0130725,-0.3313499,1.3582689,-1.0130725,-0.3312861,1.3583398,-1.0130725,-0.3313499,1.3583327,-1.0130711,-0.3313357,1.3583186,-1.0130711,-0.3313216,1.3582831,-1.013081,-0.3313783,1.3584107,-1.0130874,-0.3315767,1.3584036,-1.013091,-0.331598,1.3583753,-1.0130874,-0.3315413,1.3583965,-1.013091,-0.331598,1.3583257,-1.0130974,-0.3315767,1.3582052,-1.0131059,-0.3315413,1.3583327,-1.0131009,-0.3316051,1.3582335,-1.0131137,-0.3316476,1.358354,-1.0130959,-0.3315909,1.3583044,-1.0130974,-0.3315555,1.3582902,-1.0130959,-0.3315271,1.3583044,-1.0131059,-0.3316405,1.3585241,-1.0131214,-0.3320091,1.3584107,-1.01313,-0.3319807,1.3583824,-1.0131264,-0.3319099,1.3583824,-1.0131207,-0.3318602,1.3583824,-1.0131179,-0.3318319,1.3583753,-1.0131158,-0.3318035,1.358354,-1.0131115,-0.3317397,1.3584461,-1.0131165,-0.3318886,1.3584249,-1.0131257,-0.3319524,1.3583611,-1.0131257,-0.3318886,1.3583824,-1.0131236,-0.3318744,1.3584036,-1.0131321,-0.3319878,1.3584107,-1.01313,-0.3319666,1.3584036,-1.0131243,-0.3319099,1.3583965,-1.0131328,-0.3319878,1.3583894,-1.0131321,-0.3319666,1.3584249,-1.0131406,-0.332087,1.358432,-1.0131463,-0.3321438,1.3584107,-1.0131406,-0.33208,1.3584036,-1.0131413,-0.33208,1.3584178,-1.0131406,-0.332087,1.3583398,-1.0131413,-0.3320162,1.3583894,-1.0131385,-0.3320303,1.3583965,-1.0131349,-0.332002,1.3584532,-1.0131491,-0.3322005,1.358432,-1.0131533,-0.3322217,1.3584745,-1.013147,-0.3321934,1.3584461,-1.0131526,-0.3322217,1.3584178,-1.0131484,-0.3321508,1.3584178,-1.013147,-0.3321438,1.3583965,-1.0131463,-0.3321083,1.3584178,-1.0131505,-0.3321792,1.3585028,-1.0131569,-0.3323209,1.3584107,-1.0131533,-0.3322005,1.358432,-1.0131548,-0.3322288,1.3584745,-1.0131611,-0.3323351,1.3584603,-1.0131619,-0.332328,1.3584391,-1.013159,-0.3322784,1.358432,-1.0131569,-0.3322501,1.3584532,-1.0131569,-0.3322713,1.3584249,-1.0131533,-0.3322146,1.3585099,-1.0131555,-0.3323209,1.3584674,-1.0131633,-0.3323493,1.3584887,-1.0131633,-0.3323706,1.3584674,-1.013164,-0.3323564,1.3584887,-1.0131696,-0.3324273,1.3584391,-1.0131739,-0.3324273,1.3584178,-1.0131718,-0.3323847,1.3584461,-1.0131696,-0.3323918,1.3584107,-1.0131668,-0.3323209,1.3584887,-1.0131682,-0.3324131,1.3584745,-1.0131654,-0.3323776,1.3584603,-1.0131654,-0.3323706,1.3586162,-1.0131817,-0.3326753,1.3585737,-1.0131895,-0.3327108,1.3585808,-1.013198,-0.3327887,1.3585241,-1.0132051,-0.33281,1.3585028,-1.013198,-0.3327179,1.3584745,-1.0132008,-0.3327179,1.3584816,-1.0132008,-0.332725,1.3584532,-1.013203,-0.3327179,1.3585028,-1.0132008,-0.3327462,1.3584674,-1.0131987,-0.3326966,1.3584532,-1.0131987,-0.3326753,1.3584745,-1.0132037,-0.3327391,1.358432,-1.0132001,-0.3326682,1.3584674,-1.013198,-0.3326753,1.3585099,-1.0132044,-0.3327887,1.3584816,-1.0132065,-0.3327746,1.3585099,-1.0132051,-0.3327958,1.3585028,-1.0132044,-0.3327746,1.3584674,-1.0132008,-0.3327108,1.3584887,-1.0132008,-0.332732,1.3584887,-1.0132023,-0.3327391,1.3584745,-1.013203,-0.332732,1.3584674,-1.0132008,-0.3327037,1.3584745,-1.0131945,-0.3326541,1.3584745,-1.0131923,-0.3326399,1.3584887,-1.0131916,-0.332647,1.3585525,-1.0131959,-0.3327391,1.3585028,-1.0132065,-0.3328029,1.3584674,-1.01321,-0.3328029,1.3583894,-1.0132129,-0.3327533,1.3584674,-1.0132058,-0.3327604,1.3584603,-1.0132058,-0.3327462,1.3584745,-1.013203,-0.3327391,1.3584178,-1.0132093,-0.3327391,1.3584958,-1.0132072,-0.3328029,1.3584745,-1.0132065,-0.3327675,1.3584603,-1.0132051,-0.3327391,1.3584745,-1.0132051,-0.3327533,1.3584674,-1.013203,-0.332725,1.3584603,-1.013203,-0.3327179,1.3584816,-1.013203,-0.3327391,1.3584745,-1.0132008,-0.3327179,1.3584461,-1.0132008,-0.3326824,1.3585454,-1.0132086,-0.3328596,1.3584674,-1.0132093,-0.3327887,1.3584107,-1.0132051,-0.3326966,1.3584249,-1.013203,-0.3326895,1.3585099,-1.0132093,-0.3328313,1.3584958,-1.0132143,-0.3328596,1.3584745,-1.0132136,-0.3328313,1.3584816,-1.0132108,-0.3328171,1.3585525,-1.0132143,-0.3329092,1.358517,-1.0132249,-0.3329872,1.3585383,-1.0132193,-0.3329588,1.3585383,-1.0132249,-0.3330156,1.3585028,-1.0132249,-0.332973,1.3585383,-1.0132356,-0.3331077,1.3585737,-1.0132334,-0.333129,1.3585454,-1.0132356,-0.3331219,1.3585312,-1.013237,-0.3331148,1.3584603,-1.0132405,-0.3330864,1.3585028,-1.0132405,-0.3331219,1.3585312,-1.0132377,-0.3331148,1.3584958,-1.0132377,-0.3330935,1.3584745,-1.0132285,-0.3329801,1.3584816,-1.0132242,-0.3329447,1.3584816,-1.0132278,-0.3329801,1.3585312,-1.0132271,-0.3330156,1.3584958,-1.0132278,-0.3329943,1.3585241,-1.0132334,-0.3330793,1.3585099,-1.0132341,-0.3330652,1.3584674,-1.0132356,-0.3330368,1.3585454,-1.0132462,-0.333214
2020-05-11.out.4,0.0,1.358517,-1.0132483,-0.333214,1.3584958,-1.0132462,-0.3331715,1.3585383,-1.0132483,-0.3332282,1.3584178,-1.0132568,-0.3331927,1.3585383,-1.0132519,-0.3332636,1.358432,-1.0132434,-0.3330723,1.3584816,-1.0132384,-0.3330793,1.3585241,-1.0132462,-0.3331998,1.3585099,-1.0132441,-0.3331573,1.3585312,-1.0132455,-0.3331927,1.3585454,-1.0132476,-0.3332282,1.3584887,-1.0132504,-0.3331998,1.3585666,-1.0132519,-0.3332991,1.3585525,-1.0132526,-0.333292,1.3585241,-1.0132575,-0.3332991,1.3584958,-1.0132618,-0.3333132,1.3585879,-1.0132689,-0.3334763,1.3585383,-1.0132667,-0.3334125,1.3584958,-1.0132731,-0.3334266,1.3585099,-1.013271,-0.3334266,1.3585312,-1.0132703,-0.3334266,1.3585383,-1.013271,-0.333455,1.3585312,-1.0132724,-0.333455,1.3584958,-1.0132703,-0.3333983,1.358517,-1.0132731,-0.3334479,1.3584887,-1.0132852,-0.333533,1.3585595,-1.0132866,-0.333618,1.358595,-1.0132852,-0.3336464,1.358517,-1.0132852,-0.3335755,1.3585383,-1.0132845,-0.3335684,1.3585595,-1.0132852,-0.3336038,1.3585099,-1.0132845,-0.33354,1.358517,-1.0132788,-0.3335046,1.358517,-1.0132809,-0.3335259,1.3584958,-1.0132873,-0.3335613,1.3585312,-1.0132845,-0.3335684,1.3585312,-1.0132809,-0.333533,1.3585028,-1.0132774,-0.3334763,1.3585666,-1.0132753,-0.3335259,1.3585666,-1.0132795,-0.3335542,1.3586304,-1.0132894,-0.3337102,1.3585808,-1.0132972,-0.3337385,1.3585808,-1.0132958,-0.3337243,1.3586021,-1.0132916,-0.3337102,1.3585454,-1.01331,-0.3338306,1.3585595,-1.0133043,-0.3337952,1.3585383,-1.0133015,-0.3337314,1.3585525,-1.0133022,-0.3337669,1.3585383,-1.0132994,-0.3337243,1.358517,-1.0132972,-0.3336747,1.3585241,-1.0132873,-0.3335968,1.3585808,-1.0132972,-0.3337314,1.3584958,-1.0132887,-0.3335755,1.3586162,-1.013293,-0.3337314,1.3585099,-1.0133114,-0.3338094,1.3585241,-1.0133029,-0.3337385,1.3585312,-1.0132958,-0.3336818,1.358517,-1.013293,-0.3336393,1.3585099,-1.0132937,-0.3336393,1.358517,-1.0132972,-0.3336747,1.3585383,-1.0132979,-0.3337031,1.3585737,-1.0133001,-0.3337598,1.3585595,-1.0133043,-0.3337952,1.358595,-1.0133079,-0.3338519,1.3585808,-1.0133064,-0.3338306,1.358673,-1.0133242,-0.3340929,1.3585454,-1.0133206,-0.3339299,1.3586021,-1.0133135,-0.3339157,1.358595,-1.0133213,-0.3339866,1.3585525,-1.0133235,-0.3339582,1.3585312,-1.0133206,-0.3339157,1.3585879,-1.0133327,-0.3340858,1.3585879,-1.0133355,-0.3341142,1.3586092,-1.0133341,-0.3341212,1.3586588,-1.0133518,-0.334341,1.3585737,-1.0133504,-0.3342417,1.3585737,-1.0133341,-0.3340858,1.3585312,-1.0133312,-0.3340149,1.3585595,-1.0133305,-0.3340433,1.3586588,-1.0133497,-0.3343197,1.3586162,-1.0133532,-0.3343055,1.3586375,-1.0133532,-0.3343268,1.3586021,-1.0133504,-0.3342772,1.3584887,-1.0133539,-0.3341921,1.3585879,-1.0133511,-0.334263,1.3585595,-1.0133447,-0.3341709,1.3585879,-1.0133468,-0.3342205,1.3585241,-1.013349,-0.334178,1.3585383,-1.0133447,-0.3341496,1.3585525,-1.0133383,-0.3341,1.3586659,-1.0133617,-0.3344402,1.3586517,-1.0133653,-0.3344615,1.3587013,-1.0133681,-0.3345394,1.3586517,-1.0133773,-0.3345749,1.3586871,-1.0133809,-0.3346457,1.3586659,-1.0133844,-0.3346528,1.3586871,-1.0133844,-0.3346741,1.3586517,-1.0133809,-0.3346103,1.3586446,-1.0133844,-0.3346457,1.3586092,-1.0133887,-0.3346457,1.3586588,-1.0133837,-0.3346457,1.3586446,-1.013388,-0.334667,1.3586092,-1.0133844,-0.3346032,1.3586375,-1.0133858,-0.3346528,1.3587793,-1.0133965,-0.3348867,1.3587367,-1.0134028,-0.334908,1.3586517,-1.0134106,-0.3348938,1.3587509,-1.0134113,-0.3350001,1.3587438,-1.0134106,-0.3349789,1.3586375,-1.0134085,-0.3348513,1.3586871,-1.0134092,-0.3349222,1.3586659,-1.0134106,-0.3349009,1.3586446,-1.013417,-0.3349505,1.3586092,-1.0134128,-0.3348726,1.358595,-1.0134071,-0.3348088,1.3585879,-1.0134092,-0.3348159,1.3586233,-1.0134113,-0.3348726,1.3586304,-1.0134106,-0.3348796,1.3586446,-1.0134085,-0.3348584,1.3588076,-1.0134191,-0.3351348,1.3587651,-1.0134213,-0.3351135,1.3587934,-1.0134425,-0.3353404,1.3586659,-1.0134461,-0.3352482,1.3586871,-1.0134468,-0.3352624,1.358758,-1.0134454,-0.3353333,1.3586942,-1.0134468,-0.3352836,1.3587934,-1.0134468,-0.3353829,1.3588501,-1.0134581,-0.3355459,1.3587934,-1.013461,-0.3355175,1.358758,-1.0134631,-0.3355105,1.3586942,-1.013461,-0.3354112,1.3587226,-1.0134688,-0.3355175,1.3587084,-1.0134709,-0.3355246,1.3587297,-1.0134666,-0.3355105,1.3587084,-1.0134652,-0.3354679,1.3586942,-1.013461,-0.3354183,1.3587084,-1.0134581,-0.3353971,1.3587013,-1.0134695,-0.3355034,1.3586871,-1.013461,-0.3354112,1.3586588,-1.0134659,-0.3354396,1.3588501,-1.0134815,-0.3357656,1.358921,-1.0134872,-0.3358932,1.3587084,-1.0134744,-0.3355672,1.3587013,-1.0134716,-0.3355246,1.3586871,-1.0134751,-0.3355459,1.3587297,-1.0134773,-0.3356026,1.3587013,-1.0134822,-0.3356239,1.3586517,-1.01349,-0.3356522,1.3587297,-1.0134943,-0.3357656,1.3587155,-1.0135077,-0.335879,1.3587226,-1.0135056,-0.3358648,1.3588076,-1.0135021,-0.3359216,1.3587651,-1.0135127,-0.3359783,1.3587367,-1.013512,-0.3359499,1.358758,-1.0135084,-0.3359357,1.358758,-1.0135127,-0.3359783,1.3588218,-1.0135063,-0.3359783,1.3587793,-1.0135056,-0.3359286,1.3587438,-1.0135021,-0.3358648,1.3588572,-1.0135191,-0.3361413,1.3588643,-1.0135325,-0.3362689,1.3587297,-1.013541,-0.3362192,1.3587864,-1.0135333,-0.336198,1.3586871,-1.0135276,-0.3360491,1.3587864,-1.0135269,-0.3361342,1.3587934,-1.0135304,-0.3361696,1.3587793,-1.0135354,-0.3362122,1.358758,-1.0135418,-0.3362547,1.3587367,-1.0135368,-0.3361838,1.3587226,-1.0135304,-0.3361058,1.3587367,-1.0135389,-0.3362051,1.358758,-1.0135354,-0.3361909,1.3588147,-1.0135517,-0.3364035,1.3588218,-1.0135481,-0.3363752,1.3587864,-1.0135382,-0.3362476,1.3587013,-1.0135325,-0.3361129,1.3589068,-1.0135616,-0.3365878,1.3588998,-1.0135793,-0.3367579,1.3588218,-1.0135793,-0.3366729,1.3587651,-1.0135729,-0.3365524,1.3587651,-1.013568,-0.3365098,1.3588501,-1.0135829,-0.3367366,1.3588218,-1.0135822,-0.3367012,1.358758,-1.0135744,-0.3365665,1.3587864,-1.0135744,-0.3365878,1.3587722,-1.0135793,-0.3366232,1.3587864,-1.0135822,-0.3366729,1.3587438,-1.0135871,-0.3366658,1.3587864,-1.0135914,-0.3367508,1.3587934,-1.0135907,-0.3367437,1.3587793,-1.0135907,-0.3367366,1.3587722,-1.0135914,-0.3367437,1.3588289,-1.013597,-0.3368501,1.3588147,-1.0135928,-0.3368004,1.3589068,-1.0135992,-0.3369422,1.358836,-1.0136055,-0.3369422,1.3588147,-1.0136098,-0.3369564,1.3587722,-1.0136063,-0.3368855,1.3587651,-1.0136084,-0.3368855,1.3588005,-1.0136119,-0.3369564,1.358836,-1.0136141,-0.3370131,1.3588005,-1.0136105,-0.3369422,1.3588076,-1.0136041,-0.3368997,1.3587793,-1.0136041,-0.3368713,1.3587793,-1.0136098,-0.3369138,1.3587509,-1.0136006,-0.3368004,1.3586942,-1.0136133,-0.3368642,1.3588289,-1.0136077,-0.3369493,1.3588005,-1.0136077,-0.336928,1.3587722,-1.0136077,-0.3368855,1.358758,-1.0136041,-0.3368501,1.3587509,-1.0135999,-0.3368004,1.3587509,-1.0135985,-0.3367934,1.3587651,-1.0135992,-0.3368004,1.3587722,-1.013597,-0.3367934,1.3588501,-1.0135942,-0.336843,1.3588289,-1.013602,-0.3368997,1.3588005,-1.0135992,-0.3368359,1.3588147,-1.0135956,-0.3368217,1.358836,-1.0135978,-0.3368642,1.358836,-1.0135978,-0.3368571,1.3588289,-1.013602,-0.3368997,1.3588643,-1.0136268,-0.337169,1.3589494,-1.0136226,-0.3372115,1.3589068,-1.0136218,-0.337169,1.3588431,-1.013624,-0.3371123,1.3589281,-1.0136204,-0.337169,1.3588714,-1.0136155,-0.3370698,1.3590132,-1.0136382,-0.3374171,1.3589565,-1.013653,-0.3375163,1.3589494,-1.0136594,-0.3375659,1.3588927,-1.0136672,-0.3375801,1.3589068,-1.013663,-0.3375517,1.3588501,-1.0136615,-0.337488,1.3588998,-1.0136658,-0.3375659,1.3588431,-1.0136658,-0.3375234,1.3587793,-1.0136672,-0.3374667,1.3588998,-1.0136658,-0.337573,1.3588998,-1.0136736,-0.337651,1.3588856,-1.0136715,-0.3376226,1.3588289,-1.0136729,-0.337573,1.3588785,-1.0136672,-0.337573,1.3589494,-1.0136736,-0.3376935,1.3588431,-1.0136736,-0.3375943,1.3588714,-1.0136771,-0.3376439,1.3588714,-1.01368,-0.3376793,1.3588714,-1.0136828,-0.3377077,1.3588572,-1.01368,-0.3376793,1.3588714,-1.0136786,-0.3376722,1.3588501,-1.01368,-0.3376581,1.3588572,-1.0136764,-0.3376368,1.3588218,-1.0136708,-0.3375376,1.3588431,-1.0136672,-0.3375305,1.3589139,-1.0136736,-0.3376652,1.3588076,-1.0136764,-0.3375872,1.3588714,-1.013697,-0.3378423,1.3589068,-1.0137076,-0.3379912,1.3589706,-1.013709,-0.3380621,1.3588643,-1.0137076,-0.3379487,1.3589636,-1.013709,-0.3380479,1.3592471,-1.0137501,-0.3387283,1.3591478,-1.0137728,-0.3388488,1.3592258,-1.0137693,-0.3388913,1.3591833,-1.0137983,-0.3391252,1.3591407,-1.0137941,-0.3390331,1.3592754,-1.0138111,-0.3393379,1.3590911,-1.0138338,-0.3393733,1.3590911,-1.0138274,-0.3393095,1.3591266,-1.0138203,-0.3392741,1.3590557,-1.0138175,-0.339189,1.3591195,-1.0138189,-0.3392599,1.3590911,-1.013821,-0.3392457,1.3590628,-1.0138118,-0.3391252,1.3591549,-1.0138253,-0.339352,1.3591833,-1.0138359,-0.3394867,1.3591053,-1.0138479,-0.3395151,1.3590699,-1.0138465,-0.3394796,1.3591337,-1.0138437,-0.3395151,1.3591266,-1.0138479,-0.3395292,1.3591407,-1.0138472,-0.3395647,1.3590982,-1.0138529,-0.3395647,1.3591407,-1.0138472,-0.3395576,1.3591549,-1.0138657,-0.339749,1.359084,-1.0138813,-0.3398198,1.3590415,-1.0138891,-0.3398482,1.3591124,-1.0138813,-0.3398482,1.3591478,-1.0138713,-0.3397915,1.359162,-1.0138749,-0.339834,1.3589636,-1.0138281,-0.339189,1.3590203,-1.0138565,-0.3395151,1.359077,-1.0138678,-0.3396852,1.3591974,-1.0138706,-0.3398269,1.3591407,-1.0138749,-0.3398128,1.3592187,-1.0139025,-0.3401671,1.3592825,-1.0139323,-0.3405003,1.35924,-1.0139401,-0.3405357,1.3591762,-1.0139309,-0.3403869,1.3590132,-1.0139217,-0.3401246,1.35868,-1.0138997,-0.3395859,1.3589706,-1.0138954,-0.3398411,1.3588998,-1.0139408,-0.3401955,1.3593179,-1.0139458,-0.3406633,1.3594739,-1.0139628,-0.3409822,1.359325,-1.0139727,-0.3409326,1.3593392,-1.0139748,-0.3409681,1.3592896,-1.0139869,-0.3410389,1.3592542,-1.0139918,-0.341046,1.3591762,-1.0139918,-0.3409681,1.3593179,-1.013994,-0.3411382,1.359325,-1.0140124,-0.3413083,1.3592612,-1.0140181,-0.3413083,1.3592825,-1.0140138,-0.3412799,1.3592329,-1.0140181,-0.3412728,1.35924,-1.0140145,-0.3412516,1.3591974,-1.0140081,-0.3411453,1.3592683,-1.0140053,-0.3411878,1.359325,-1.014028,-0.3414571,1.359325,-1.0140556,-0.3417194,1.3592754,-1.0140542,-0.3416698,1.359325,-1.0140542,-0.3417194,1.3592754,-1.0140542,-0.3416556,1.3592825,-1.0140556,-0.3416839,1.3592612,-1.0140492,-0.341606,1.3593038,-1.0140485,-0.3416343,1.3593321,-1.0140521,-0.3417052,1.3593038,-1.0140471,-0.3416272,1.3593676,-1.014057,-0.3417832,1.3593463,-1.0140563,-0.3417548,1.359325,-1.0140549,-0.3417123,1.3593179,-1.0140492,-0.3416556,1.3592967,-1.0140542,-0.3416768,1.3593179,-1.0140577,-0.3417406,1.3593888,-1.0140641,-0.3418682,1.3593179,-1.0140641,-0.3417973,1.3593038,-1.014084,-0.3419745,1.3594243,-1.014084,-0.3420879,1.3593463,-1.0140882,-0.3420525,1.3593321,-1.0140953,-0.3421092,1.3593392,-1.0140911,-0.3420738,1.3593179,-1.0140911,-0.3420525,1.3593321,-1.0140904,-0.3420667,1.3593038,-1.0140868,-0.3420029,1.3593676,-1.0140882,-0.3420738,1.359325,-1.0140918,-0.3420738,1.3593321,-1.0140953,-0.3421092,1.3593605,-1.0140967,-0.3421517,1.3593321,-1.0140953,-0.3421092,1.3593463,-1.0140932,-0.3421021,1.3593179,-1.0140946,-0.3420879,1.3593179,-1.0140939,-0.3420809,1.3593321,-1.0140925,-0.3420879,1.3593463,-1.0140932,-0.3421021,1.3592754,-1.0140967,-0.3420596,1.3593463,-1.0140953,-0.3421234,1.3593038,-1.0140974,-0.3421092,1.3593109,-1.0140974,-0.3421092,1.3593109,-1.0140946,-0.3420809,1.3593038,-1.0140946,-0.3420738,1.3593109,-1.0140918,-0.3420525,1.3592896,-1.0140889,-0.34201,1.3593392,-1.0140882,-0.3420525,1.3593321,-1.0140882,-0.3420383,1.359325,-1.0140868,-0.3420171,1.3592967,-1.0140861,-0.3419887,1.3593179,-1.0140889,-0.3420241,1.3593321,-1.0140889,-0.3420454,1.3592825,-1.0140889,-0.3419958,1.3593109,-1.0140875,-0.3420171,1.3593463,-1.0140868,-0.3420454,1.3593463,-1.0140911,-0.3420809,1.3593038,-1.0140925,-0.3420525,1.3593038,-1.0140925,-0.3420525,1.359325,-1.0140911,-0.3420667,1.3593321,-1.0140904,-0.3420596,1.3593109,-1.0140953,-0.3420879,1.3593392,-1.0140939,-0.3421021,1.3593392,-1.0140953,-0.3421234,1.3593534,-1.0140953,-0.3421305,1.3593109,-1.014096,-0.342095,1.3593179,-1.0140925,-0.3420667,1.3593392,-1.0140953,-0.3421163,1.3593179,-1.0140939,-0.3420879,1.359325,-1.0140896,-0.3420525,1.3592967,-1.0140911,-0.3420312,1.3593321,-1.0140868,-0.3420241,1.3593179,-1.0140889,-0.3420383,1.3593109,-1.0140882,-0.3420241,1.3593534,-1.0140861,-0.3420525,1.3593392,-1.0140889,-0.3420525,1.3593038,-1.0140868,-0.34201,1.3593109,-1.0140911,-0.3420454,1.359325,-1.0140932,-0.3420879,1.3593109,-1.0140911,-0.3420525,1.3592825,-1.0140904,-0.34201,1.3592896,-1.0140868,-0.3419887,1.3592967,-1.0140868,-0.3419958,1.3593321,-1.0140847,-0.3420171,1.3593109,-1.0140889,-0.3420241,1.3593109,-1.0140882,-0.3420171,1.3593038,-1.0140889,-0.3420171,1.3593038,-1.0140918,-0.3420525,1.3592825,-1.0140932,-0.3420454,1.3593179,-1.0140932,-0.3420738,1.3593746,-1.0140911,-0.3421234,1.3593463,-1.0140996,-0.3421659,1.3593676,-1.0140989,-0.3421801,1.3592967,-1.0140996,-0.3421163,1.3593038,-1.0140967,-0.342095,1.3592542,-1.0140953,-0.3420312,1.3593676,-1.0140981,-0.342173,1.3594172,-1.0141038,-0.3422793,1.3594101,-1.0141031,-0.3422651,1.3593392,-1.0141081,-0.3422439,1.3593463,-1.0141074,-0.3422439,1.359403,-1.0141123,-0.3423502,1.3593746,-1.014118,-0.3423715,1.3593888,-1.0141145,-0.3423573,1.359325,-1.0141173,-0.3423077,1.3593676,-1.0141244,-0.3424282,1.3593392,-1.0141237,-0.3423927,1.3593392,-1.0141279,-0.3424211,1.3593392,-1.0141265,-0.342414,1.3593605,-1.0141222,-0.3423998,1.3593463,-1.0141265,-0.3424282,1.3593463,-1.0141286,-0.3424423,1.3593392,-1.01413,-0.3424565,1.3593605,-1.0141343,-0.3425061,1.3593392,-1.014135,-0.342499,1.3593463,-1.014135,-0.3425132,1.3593746,-1.0141329,-0.3425132,1.3593605,-1.014135,-0.3425203,1.359403,-1.0141364,-0.342577,1.3593179,-1.0141371,-0.342499,1.3594101,-1.0141407,-0.3426195,1.3593746,-1.0141442,-0.3426195,1.3593888,-1.0141393,-0.3425912,1.3593179,-1.0141492,-0.3426124,1.3593746,-1.0141506,-0.3426762,1.3593321,-1.0141598,-0.3427258,1.3594384,-1.0141612,-0.3428534,1.359403,-1.0141704,-0.3428959,1.3593817,-1.0141669,-0.3428463,1.3594384,-1.0141634,-0.3428676,1.3593959,-1.0141591,-0.3427825,1.3593959,-1.014157,-0.3427613,1.3593746,-1.0141534,-0.3427188,1.3594101,-1.0141598,-0.3428038,1.3593959,-1.0141605,-0.3427967,1.3593817,-1.0141591,-0.3427684,1.3594597,-1.0141641,-0.3428959,1.3594526,-1.0141669,-0.3429172,1.3593817,-1.0141577,-0.3427542,1.3594668,-1.0141697,-0.3429527,1.3594951,-1.014174,-0.3430235,1.3594455,-1.014174,-0.342981,1.3594526,-1.0141782,-0.3430235,1.3594951,-1.0141839,-0.3431228,1.3594597,-1.0141903,-0.3431369,1.359488,-1.014186,-0.3431298,1.3594384,-1.0141832,-0.343059,1.3594384,-1.0141889,-0.3431086,1.359481,-1.014191,-0.3431582,1.3594455,-1.0141974,-0.3432007,1.3594526,-1.0141974,-0.3432078,1.3594526,-1.0141967,-0.3432007,1.3594384,-1.0141988,-0.3432007,1.3594384,-1.0141981,-0.3432007,1.3594243,-1.0141953,-0.3431582,1.3594384,-1.0141938,-0.3431582,1.3594384,-1.0141953,-0.3431724,1.3594526,-1.0141931,-0.3431653,1.359481,-1.0141931,-0.3432007,1.3594455,-1.0141931,-0.3431724,1.3594951,-1.014196,-0.3432291,1.3594597,-1.0141974,-0.3432291,1.359481,-1.0142052,-0.343307,1.3594668,-1.0142094,-0.3433283,1.3595022,-1.014203,-0.343307,1.359481,-1.0142023,-0.3432716,1.3594384,-1.0142066,-0.3432787,1.3594739,-1.0142023,-0.3432716,1.3594597,-1.0142009,-0.3432503,1.3594526,-1.0142002,-0.3432362,1.3594951,-1.0142151,-0.3434063,1.359488,-1.014213,-0.3433921,1.3594951,-1.0142158,-0.3434134,1.3594668,-1.0142151,-0.343385,1.3596511,-1.0142158,-0.3435906,1.3595448,-1.0142364,-0.3436614,1.359488,-1.0142286,-0.3435339,1.3595164,-1.01423,-0.3435764,1.3593676,-1.0142321,-0.3434559,1.3594951,-1.0142364,-0.3436118,1.3594101,-1.0142286,-0.3434701,1.3594172,-1.0142364,-0.3435409,1.359488,-1.0142349,-0.3435976,1.3594951,-1.0142349,-0.3436047,1.359488,-1.0142385,-0.3436331,1.3595448,-1.0142512,-0.3438174,1.3596936,-1.014247,-0.3439308,1.3595235,-1.0142555,-0.3438315,1.3595377,-1.0142548,-0.3438386,1.3595093,-1.0142555,-0.3438245,1.3595093,-1.0142548,-0.3438103,1.3595093,-1.014259,-0.3438528,1.3595802,-1.0142534,-0.3438741,1.3596511,-1.0142626,-0.3440229,1.3596227,-1.0142647,-0.3440158,1.3596227,-1.0142725,-0.3440938,1.3595518,-1.0142711,-0.3440087,1.3595235,-1.0142761,-0.34403,1.3595944,-1.0142761,-0.344108,1.3596369,-1.0142838,-0.3442143,1.3596156,-1.0142888,-0.3442497,1.3595731,-1.0142945,-0.3442568,1.3595731,-1.0142987,-0.3442993,1.3596227,-1.0142987,-0.3443419,1.3595802,-1.0143044,-0.3443489,1.3596298,-1.0143065,-0.3444269,1.359644,-1.0143087,-0.3444624,1.359644,-1.0143129,-0.3444978,1.3596298,-1.0143207,-0.3445616,1.3595377,-1.0143108,-0.3443773,1.3595589,-1.0143157,-0.3444411,1.359566,-1.0143186,-0.3444765,1.359644,-1.0143179,-0.3445545,1.3596085,-1.014325,-0.3445758,1.3595518,-1.0143235,-0.344512,1.3595022,-1.0143207,-0.344434,1.3595802,-1.0143278,-0.3445828,1.3595448,-1.0143221,-0.3444907,1.3595235,-1.014325,-0.3444836,1.359566,-1.0143207,-0.3444978,1.3595802,-1.0143179,-0.3444907,1.3595235,-1.0143207,-0.3444411,1.3595802,-1.0143207,-0.344512,1.3595731,-1.0143235,-0.3445261,1.3595731,-1.0143242,-0.3445332,1.3595802,-1.0143235,-0.3445403,1.3595873,-1.014325,-0.3445616,1.3596511,-1.0143257,-0.3446325,1.3597361,-1.0143406,-0.3448522,1.3597078,-1.0143491,-0.3449018,1.3596298,-1.0143441,-0.3447813,1.3595944,-1.0143462,-0.3447671,1.3596865,-1.0143476,-0.3448734,1.3597361,-1.0143533,-0.3449798,1.3596298,-1.0143611,-0.3449372,1.3597149,-1.0143576,-0.3449939,1.3596723,-1.0143625,-0.345001,1.3596582,-1.0143632,-0.3449939,1.3596865,-1.0143632,-0.3450294,1.3596794,-1.014359,-0.3449727,1.3596227,-1.0143604,-0.3449231,1.3597007,-1.0143654,-0.3450577,1.3597007,-1.0143647,-0.3450506,1.3596369,-1.0143739,-0.3450861,1.3596652,-1.0143717,-0.3450861,1.3596085,-1.0143753,-0.3450506,1.3596723,-1.0143668,-0.3450436,1.3596511,-1.0143774,-0.3451215,1.3596582,-1.014371,-0.3450719,1.3596936,-1.0143696,-0.3450861,1.3595944,-1.0143696,-0.3449939,1.3596511,-1.014376,-0.3451073,1.3596723,-1.0143824,-0.3451924,1.3596652,-1.0143845,-0.3452137,1.359644,-1.0143866,-0.3452066,1.3596794,-1.0143859,-0.3452278,1.3596723,-1.0143838,-0.3452066,1.3596652,-1.0143845,-0.3452066,1.3597219,-1.0143802,-0.3452207,1.3597007,-1.014388,-0.3452633,1.3596794,-1.014393,-0.3453058,1.3597219,-1.0143909,-0.3453271,1.3596652,-1.0143951,-0.3453129,1.3597219,-1.0143987,-0.345405,1.3596723,-1.0144051,-0.3454121,1.3597007,-1.0144008,-0.3453979,1.3596156,-1.0144043,-0.3453412,1.3597149,-1.0144107,-0.3455043,1.359729,-1.0144093,-0.3455113,1.3596936,-1.0144114,-0.3454972,1.3596794,-1.0144121,-0.345483,1.3596794,-1.0144051,-0.3454192,1.359729,-1.0144086,-0.3454972,1.3597078,-1.0144107,-0.3454972,1.3596865,-1.0144093,-0.3454617,1.3597149,-1.0144072,-0.3454759,1.3596723,-1.0144072,-0.3454263,1.3597149,-1.0144065,-0.3454688,1.3597149,-1.0144107,-0.3454972,1.3596794,-1.0144086,-0.3454405,1.3597007,-1.0144128,-0.3455043,1.3597007,-1.0144093,-0.3454759,1.3596794,-1.0144121,-0.3454688,1.3597361,-1.014415,-0.3455681,1.3596936,-1.0144136,-0.3455113,1.359644,-1.0144128,-0.3454546,1.3596582,-1.0144128,-0.3454688,1.3597007,-1.0144157,-0.3455397,1.3596227,-1.014415,-0.3454546,1.3596652,-1.0144192,-0.3455326,1.3596723,-1.0144178,-0.3455397,1.3596511,-1.0144214,-0.3455326,1.3596794,-1.0144192,-0.3455468,1.3596652,-1.0144192,-0.3455397,1.3596936,-1.0144185,-0.3455539,1.359644,-1.0144214,-0.3455397,1.3596794,-1.0144199,-0.345561,1.3596582,-1.0144199,-0.3455397,1.3596582,-1.0144192,-0.3455326,1.3596723,-1.0144192,-0.3455397,1.3596865,-1.0144164,-0.3455326,1.3596794,-1.014415,-0.3455043,1.359644,-1.0144128,-0.3454546,1.3596511,-1.0144107,-0.3454405,1.359644,-1.0144128,-0.3454476,1.3596156,-1.0144114,-0.345405,1.3596085,-1.0144114,-0.345405,1.359644,-1.0144093,-0.3454263,1.3596369,-1.0144093,-0.3454121,1.3596582,-1.0144086,-0.3454334,1.3596369,-1.0144114,-0.3454334,1.3596298,-1.0144107,-0.3454192,1.3596511,-1.0144107,-0.3454334,1.3596652,-1.0144086,-0.3454263,1.359644,-1.0144086,-0.3454192,1.3596369,-1.0144114,-0.3454334,1.3596156,-1.0144107,-0.345405,1.3596582,-1.0144072,-0.3454192,1.3596723,-1.0144065,-0.3454121,1.3596227,-1.0144086,-0.3453838,1.3596298,-1.0144072,-0.3453838,1.3596156,-1.0144065,-0.3453696,1.359644,-1.0144121,-0.3454405,1.3596298,-1.0144093,-0.345405,1.359644,-1.0144072,-0.345405,1.3596156,-1.0144114,-0.345405,1.3596298,-1.0144093,-0.345405,1.3596582,-1.0144072,-0.3454121,1.3596156,-1.0144093,-0.3453909,1.3596298,-1.0144086,-0.3453909,1.3596085,-1.0144107,-0.3453909,1.3596085,-1.0144086,-0.3453838,1.3596298,-1.0144072,-0.3453909,1.3596085,-1.0144086,-0.3453838,1.3595802,-1.0144093,-0.3453554,1.3594739,-1.0144043,-0.3452066,1.359566,-1.0144029,-0.3452775,1.3595093,-1.0143973,-0.3451711,1.3595589,-1.0143994,-0.345242,1.3596015,-1.0144051,-0.3453412,1.3595944,-1.0144086,-0.3453625,1.3595873,-1.0144093,-0.3453696,1.3595873,-1.0144086,-0.3453554,1.3595589,-1.0144043,-0.3452845,1.359566,-1.0144043,-0.3452916,1.3595944,-1.0144086,-0.3453625,1.3596085,-1.0144065,-0.3453554,1.3596015,-1.0144051,-0.3453412,1.3595944,-1.0144043,-0.3453271,1.3595873,-1.0144022,-0.3452987,1.3595873,-1.0144065,-0.3453342,1.3595022,-1.0144051,-0.345242,1.3595448,-1.0144029,-0.3452633,1.3595306,-1.0144065,-0.3452775,1.3596015,-1.0144043,-0.3453271,1.3595731,-1.0144072,-0.3453271,1.3595873,-1.0144051,-0.3453271,1.3595518,-1.0144029,-0.3452775,1.3595589,-1.0144008,-0.3452633,1.3595518,-1.0144022,-0.3452633,1.3595448,-1.0144029,-0.3452633,1.3595589,-1.0144043,-0.3452845,1.3595873,-1.0144086,-0.3453554,1.3595589,-1.0144072,-0.3453129,1.3595518,-1.0144072,-0.3453129,1.3595873,-1.0144029,-0.3453058,1.3595873,-1.0144086,-0.3453554,1.3595731,-1.0144086,-0.3453342,1.3595802,-1.0144051,-0.3453129,1.3595377,-1.0144072,-0.3452916,1.3595873,-1.0144043,-0.3453129,1.3595944,-1.0144022,-0.3452987,1.3595873,-1.0144114,-0.3453838,1.3596156,-1.0144171,-0.3454617,1.359566,-1.0144171,-0.3454192,1.3595589,-1.0144136,-0.3453838,1.359566,-1.014415,-0.3453909,1.3595518,-1.0144107,-0.3453483,1.3595518,-1.0144107,-0.3453412,1.3595377,-1.0144093,-0.34532,1.3595377,-1.0144107,-0.3453271,1.3595518,-1.0144072,-0.3453129,1.3595589,-1.0144051,-0.3452987,1.359566,-1.0144086,-0.3453342,1.3595377,-1.0144128,-0.3453483,1.3595518,-1.0144121,-0.3453554,1.3595731,-1.014415,-0.345405,1.3595518,-1.014415,-0.3453767,1.3595518,-1.0144171,-0.345405,1.3595518,-1.0144157,-0.3453909,1.3595306,-1.0144143,-0.3453554,1.3595164,-1.0144171,-0.3453625,1.3595306,-1.0144171,-0.3453767,1.3595164,-1.0144107,-0.3453129,1.3595235,-1.0144086,-0.3452916,1.3595306,-1.0144072,-0.3452987,1.3595306,-1.0144086,-0.3452916,1.3595235,-1.0144107,-0.3453129,1.3595377,-1.0144065,-0.3452775,1.3595164,-1.0144043,-0.345242,1.3595448,-1.0144051,-0.3452775,1.3595518,-1.0144065,-0.3452987,1.3595164,-1.0144043,-0.3452491,1.359481,-1.0144051,-0.3452137,1.3595235,-1.0144093,-0.3453058,1.3595448,-1.0144093,-0.3453271,1.3595164,-1.0144093,-0.3452916,1.3595377,-1.0144051,-0.3452775,1.3595164,-1.0144072,-0.3452775,1.3595377,-1.0144072,-0.3452987,1.3595235,-1.0144086,-0.3452916,1.3595164,-1.0144051,-0.3452562,1.3595093,-1.0144043,-0.345242,1.3595022,-1.0144065,-0.3452491,1.3595164,-1.0144043,-0.345242,1.3595022,-1.0144072,-0.3452633,1.3595093,-1.0144065,-0.3452491,1.3595022,-1.0144065,-0.3452491,1.359488,-1.0144043,-0.3452137,1.3594951,-1.0144043,-0.3452207,1.359488,-1.0144051,-0.3452207,1.359481,-1.0144022,-0.3451924,1.3595235,-1.0144029,-0.345242,1.3595022,-1.0144072,-0.3452491,1.359488,-1.0144072,-0.345242,1.3595093,-1.0144086,-0.3452775,1.3595164,-1.0144058,-0.3452633,1.3595518,-1.0144128,-0.3453625,1.3594384,-1.0144128,-0.3452491,1.359488,-1.0144128,-0.3453058,1.3595377,-1.0144143,-0.3453554,1.3595448,-1.0144171,-0.3453979,1.3595377,-1.014415,-0.3453696,1.3594526,-1.0144206,-0.3453412,1.3595022,-1.014415,-0.3453342,1.3595377,-1.0144136,-0.3453554,1.3595802,-1.0144121,-0.3453767,1.3595518,-1.0144136,-0.3453767,1.3595235,-1.0144128,-0.3453342,1.3595022,-1.0144107,-0.3452916,1.3595306,-1.0144128,-0.3453342,1.3595235,-1.0144121,-0.3453271,1.3595377,-1.0144164,-0.3453767,1.3594668,-1.0144114,-0.3452633,1.3595093,-1.0144128,-0.34532,1.3595518,-1.0144171,-0.345405,1.359566,-1.0144185,-0.3454334,1.3595377,-1.0144228,-0.3454334,1.3595731,-1.0144171,-0.3454121,1.3594668,-1.0144157,-0.3453129,1.3595235,-1.014415,-0.3453554,1.3595022,-1.0144136,-0.34532,1.3595235,-1.0144128,-0.3453342,1.3595377,-1.014415,-0.3453625,1.3595164,-1.0144143,-0.3453412
2020-05-11.out.5,0.0,1.3595377,-1.0144157,-0.3453696,1.3595164,-1.0144206,-0.345405,1.3595164,-1.0144221,-0.3454192,1.3595589,-1.0144206,-0.3454405,1.3595448,-1.0144235,-0.3454546,1.3595589,-1.0144299,-0.3455326,1.3595589,-1.0144263,-0.3455043,1.3595448,-1.0144256,-0.3454759,1.3595944,-1.0144277,-0.3455397,1.3595731,-1.0144256,-0.3455113,1.3595589,-1.014432,-0.3455468,1.359566,-1.0144284,-0.3455326,1.3595731,-1.0144277,-0.3455184,1.3595235,-1.0144327,-0.3455255,1.3595731,-1.0144369,-0.3456106,1.3595306,-1.0144384,-0.3455822,1.3595093,-1.0144377,-0.345561,1.3595306,-1.014432,-0.3455184,1.3595306,-1.0144306,-0.3455113,1.3595448,-1.0144277,-0.3454972,1.3595448,-1.0144263,-0.345483,1.3595093,-1.014427,-0.3454546,1.3595164,-1.0144284,-0.3454759,1.359566,-1.0144291,-0.3455326,1.3595802,-1.0144355,-0.3455964,1.3595235,-1.0144355,-0.3455397,1.3595518,-1.014432,-0.3455397,1.3595589,-1.0144313,-0.3455397,1.3595306,-1.0144327,-0.3455326,1.3595306,-1.0144327,-0.3455326,1.3595589,-1.0144355,-0.3455822,1.3595518,-1.0144348,-0.3455681,1.3595589,-1.0144327,-0.345561,1.3596085,-1.014432,-0.3456035,1.359566,-1.0144348,-0.3455822,1.3595802,-1.0144355,-0.3456035,1.3595022,-1.0144362,-0.3455326,1.359566,-1.0144355,-0.3455893,1.359566,-1.0144362,-0.3456035,1.359566,-1.0144369,-0.3456106,1.3595589,-1.0144369,-0.3456035,1.3595164,-1.0144384,-0.3455751,1.3595448,-1.0144355,-0.3455751,1.3595377,-1.0144355,-0.3455681,1.3595377,-1.0144341,-0.3455539,1.3595518,-1.0144306,-0.3455397,1.3595164,-1.0144313,-0.3455113,1.3595164,-1.0144284,-0.3454759,1.3595448,-1.0144277,-0.3454972,1.3595589,-1.014432,-0.3455539,1.3595589,-1.014432,-0.3455539,1.3595518,-1.0144355,-0.3455751,1.3595306,-1.0144398,-0.3456106,1.3595518,-1.0144384,-0.3456106,1.359566,-1.0144384,-0.3456177,1.3595518,-1.0144355,-0.3455751,1.3595306,-1.0144355,-0.345561,1.3595589,-1.0144362,-0.3455964,1.3595164,-1.0144355,-0.3455397,1.3595589,-1.0144327,-0.345561,1.3595731,-1.0144306,-0.345561,1.3595589,-1.0144369,-0.3455964,1.359566,-1.0144462,-0.3456885,1.3595235,-1.0144412,-0.3456106,1.3596227,-1.0144377,-0.3456744,1.3595093,-1.0144547,-0.3457169,1.3595873,-1.014449,-0.3457452,1.3595022,-1.0144532,-0.3457027,1.3595802,-1.0144462,-0.3457027,1.3595873,-1.0144462,-0.3457098,1.359566,-1.0144469,-0.3457098,1.3595589,-1.014449,-0.3457098,1.3595518,-1.0144483,-0.3457027,1.3595731,-1.0144462,-0.3456956,1.3595802,-1.0144476,-0.345724,1.3595731,-1.0144455,-0.3456885,1.359566,-1.0144469,-0.3457027,1.3596227,-1.014444,-0.345724,1.3595589,-1.0144447,-0.3456815,1.3596227,-1.0144476,-0.3457665,1.359566,-1.014449,-0.345724,1.3595589,-1.0144504,-0.3457311,1.3595731,-1.0144504,-0.3457382,1.3595802,-1.0144511,-0.3457594,1.3595873,-1.0144504,-0.3457594,1.3595873,-1.0144525,-0.3457736,1.3595731,-1.0144532,-0.3457665,1.359566,-1.0144504,-0.3457382,1.359566,-1.0144511,-0.3457382,1.3595448,-1.0144483,-0.3456885,1.359566,-1.0144462,-0.3456956,1.359566,-1.014449,-0.345724,1.3595731,-1.0144518,-0.3457523,1.3595802,-1.0144532,-0.3457736,1.3595731,-1.0144518,-0.3457523,1.3595802,-1.0144504,-0.3457452,1.3595802,-1.0144497,-0.3457452,1.3595731,-1.0144547,-0.3457807,1.3595731,-1.0144547,-0.3457807,1.359566,-1.0144554,-0.3457878,1.3595802,-1.0144554,-0.3458019,1.3595802,-1.0144568,-0.345809,1.3595873,-1.0144554,-0.345809,1.3595589,-1.0144554,-0.3457736,1.3595589,-1.0144511,-0.3457382,1.3595802,-1.0144525,-0.3457665,1.3595873,-1.0144525,-0.3457736,1.3596227,-1.0144525,-0.3458161,1.3595589,-1.0144532,-0.3457594,1.3595802,-1.0144511,-0.3457594,1.3595802,-1.0144568,-0.3458019,1.3595873,-1.0144575,-0.3458303,1.3595873,-1.0144554,-0.3458019,1.3595731,-1.0144554,-0.3457878,1.3595731,-1.0144532,-0.3457736,1.3596085,-1.0144532,-0.3458019,1.3596156,-1.0144568,-0.3458445,1.3596227,-1.0144554,-0.3458374,1.3596015,-1.0144589,-0.3458516,1.3595802,-1.0144618,-0.3458587,1.3595802,-1.014461,-0.3458516,1.3595518,-1.0144603,-0.345809,1.3595731,-1.0144568,-0.3458019,1.3595448,-1.0144547,-0.3457523,1.3595589,-1.0144554,-0.3457665,1.3595731,-1.0144532,-0.3457736,1.3595448,-1.0144547,-0.3457594,1.3595589,-1.014454,-0.3457665,1.3596085,-1.0144568,-0.3458374,1.3596085,-1.0144575,-0.3458374,1.3596085,-1.0144603,-0.3458799,1.3596015,-1.0144653,-0.3459154,1.3596015,-1.0144589,-0.3458516,1.359566,-1.0144646,-0.3458657,1.3595873,-1.0144596,-0.3458374,1.3596156,-1.0144618,-0.3458941,1.3595802,-1.0144618,-0.3458516,1.3595944,-1.0144596,-0.3458445,1.3596298,-1.0144589,-0.345887,1.3596227,-1.0144632,-0.3459083,1.3595802,-1.0144653,-0.345887,1.359566,-1.0144639,-0.3458657,1.3596085,-1.0144646,-0.3459154,1.3596015,-1.0144646,-0.3459083,1.3595944,-1.0144618,-0.3458799,1.3595589,-1.0144688,-0.3459012,1.3595731,-1.0144674,-0.3459083,1.3596085,-1.0144653,-0.3459224,1.3596015,-1.0144632,-0.3458941,1.3596298,-1.0144653,-0.3459437,1.3596298,-1.0144618,-0.3459154,1.3596156,-1.0144646,-0.3459154,1.3596015,-1.0144674,-0.3459366,1.3595944,-1.014466,-0.3459083,1.3596227,-1.0144632,-0.3459224,1.3596652,-1.0144653,-0.3459862,1.3595873,-1.0144695,-0.3459366,1.3596369,-1.0144759,-0.34605,1.3596936,-1.0144766,-0.3461067,1.359644,-1.0144795,-0.3460855,1.3596227,-1.0144781,-0.34605,1.3596085,-1.0144752,-0.3460004,1.3595944,-1.0144738,-0.3459791,1.3596015,-1.0144688,-0.3459366,1.3596298,-1.0144738,-0.3460146,1.3596794,-1.0144802,-0.3461422,1.3597219,-1.0144837,-0.346213,1.3596865,-1.0144837,-0.3461776,1.3596085,-1.0144851,-0.3461067,1.3596156,-1.0144823,-0.3460855,1.3596085,-1.0144738,-0.3460075,1.3596511,-1.0144731,-0.3460358,1.3596652,-1.0144773,-0.3460925,1.3596936,-1.0144802,-0.3461422,1.3596936,-1.0144837,-0.3461776,1.3596156,-1.0144908,-0.3461776,1.3596652,-1.0144901,-0.346213,1.3596511,-1.0144866,-0.3461634,1.3596794,-1.0144887,-0.3462201,1.3596865,-1.0144951,-0.346291,1.3596582,-1.0144944,-0.3462485,1.3596582,-1.0144944,-0.3462485,1.3596156,-1.0144951,-0.346213,1.3596511,-1.0144908,-0.3462201,1.3596582,-1.0144908,-0.3462201,1.3596511,-1.0144901,-0.3461989,1.3596936,-1.0144908,-0.3462485,1.3597149,-1.0144901,-0.3462556,1.3596936,-1.0144944,-0.3462839,1.3596511,-1.0145022,-0.3463123,1.3596723,-1.0144929,-0.3462485,1.3596794,-1.0144944,-0.3462697,1.3597361,-1.0145022,-0.3463973,1.3597149,-1.014505,-0.3464044,1.3596936,-1.0145071,-0.3464115,1.3596652,-1.0145085,-0.3463831,1.3597078,-1.0145128,-0.3464753,1.3597007,-1.0145114,-0.346454,1.3596936,-1.0145114,-0.3464469,1.3596652,-1.0145085,-0.3463831,1.3596723,-1.0145128,-0.3464399,1.3596582,-1.0145114,-0.3464115,1.3596794,-1.0145114,-0.3464328,1.3596582,-1.0145128,-0.3464186,1.3596723,-1.0145071,-0.3463831,1.3596582,-1.014517,-0.346454,1.3596936,-1.0145213,-0.346532,1.3596723,-1.0145227,-0.346532,1.3596865,-1.0145213,-0.346532,1.359644,-1.0145206,-0.3464682,1.3596936,-1.014517,-0.3464966,1.3597078,-1.0145156,-0.3465036,1.3596652,-1.0145213,-0.3465178,1.3597007,-1.014522,-0.3465533,1.3597432,-1.0145213,-0.3465887,1.359729,-1.0145376,-0.3467305,1.3597361,-1.0145333,-0.346695,1.3597149,-1.0145305,-0.3466596,1.3597007,-1.0145291,-0.346617,1.3597149,-1.0145319,-0.3466596,1.3597149,-1.0145277,-0.346617,1.3597219,-1.0145312,-0.3466525,1.3597219,-1.014527,-0.346617,1.3596723,-1.014534,-0.3466383,1.3597219,-1.0145376,-0.3467234,1.3596865,-1.0145376,-0.3466879,1.3597361,-1.0145362,-0.3467234,1.3597574,-1.0145362,-0.3467446,1.3596936,-1.0145404,-0.3467234,1.3597361,-1.014544,-0.3468013,1.3597716,-1.0145447,-0.3468439,1.3597928,-1.0145461,-0.3468722,1.3597503,-1.0145475,-0.3468439,1.3597786,-1.0145447,-0.3468509,1.3597928,-1.014544,-0.3468509,1.3597503,-1.0145553,-0.3469289,1.3597716,-1.0145581,-0.3469643,1.3597857,-1.0145574,-0.3469785,1.3598212,-1.0145631,-0.3470636,1.3597857,-1.0145638,-0.3470423,1.3597503,-1.0145596,-0.3469643,1.3597503,-1.0145596,-0.3469643,1.3597574,-1.0145581,-0.3469502,1.3597928,-1.0145589,-0.3469927,1.3597928,-1.014561,-0.3470211,1.3597928,-1.0145674,-0.3470778,1.3597716,-1.0145681,-0.3470707,1.3597928,-1.0145709,-0.3471132,1.359807,-1.0145695,-0.3471132,1.3597786,-1.0145709,-0.3471061,1.3597857,-1.0145681,-0.3470848,1.3597857,-1.0145709,-0.347099,1.3597716,-1.0145681,-0.3470636,1.3597503,-1.0145695,-0.3470636,1.3598283,-1.0145737,-0.3471699,1.3598141,-1.0145801,-0.3472337,1.3597928,-1.0145794,-0.3471982,1.3597999,-1.0145794,-0.3471982,1.3598141,-1.0145787,-0.3472124,1.3597503,-1.0145801,-0.3471628,1.3598141,-1.0145794,-0.3472124,1.3597432,-1.0145872,-0.3472124,1.3598566,-1.0145908,-0.3473684,1.3598283,-1.0145879,-0.3473117,1.3598708,-1.0145886,-0.3473542,1.3598283,-1.0145943,-0.3473754,1.3598637,-1.0145908,-0.3473754,1.3598283,-1.0145929,-0.3473613,1.359807,-1.0145943,-0.3473542,1.3598141,-1.01459,-0.3473117,1.3598354,-1.0145872,-0.3473117,1.359807,-1.0145908,-0.3473187,1.3597928,-1.0145886,-0.3472904,1.3598212,-1.0145908,-0.3473187,1.3597928,-1.0145879,-0.3472762,1.3599275,-1.0145865,-0.3474038,1.359885,-1.0145872,-0.3473613,1.3598424,-1.014595,-0.3473967,1.3599488,-1.0145993,-0.3475455,1.3598637,-1.0146028,-0.3474818,1.3599913,-1.0146049,-0.3476448,1.3599629,-1.0146085,-0.3476306,1.3599771,-1.0146056,-0.3476306,1.3599133,-1.0146134,-0.3476448,1.3599488,-1.014617,-0.3477086,1.3599275,-1.0146127,-0.3476519,1.3599204,-1.0146156,-0.347666,1.3599346,-1.0146241,-0.3477724,1.3599275,-1.0146191,-0.3477015,1.3598708,-1.0146212,-0.3476731,1.360048,-1.0146283,-0.347907,1.3599984,-1.0146375,-0.3479496,1.3599629,-1.0146404,-0.3479496,1.35997,-1.0146418,-0.3479637,1.3599062,-1.0146418,-0.3478999,1.3599346,-1.0146397,-0.3479141,1.3599133,-1.0146397,-0.3478787,1.3599771,-1.0146425,-0.347985,1.3599629,-1.0146439,-0.3479779,1.3598779,-1.0146482,-0.3479354,1.3598212,-1.0146531,-0.3479283,1.3599629,-1.0146425,-0.3479637,1.3599275,-1.0146467,-0.3479779,1.3598779,-1.014663,-0.3480771,1.3601118,-1.0146772,-0.3484528,1.3600055,-1.0146907,-0.3484741,1.3600763,-1.0146836,-0.3484741,1.360126,-1.014702,-0.3487009,1.3600763,-1.0147027,-0.3486512,1.3600338,-1.0146985,-0.3485662,1.3601047,-1.014712,-0.3487717,1.3600976,-1.0147169,-0.3488143,1.3600622,-1.0147176,-0.3487859,1.3600905,-1.0147219,-0.3488497,1.3601189,-1.0147268,-0.3489277,1.3600622,-1.0147261,-0.3488639,1.3600622,-1.0147368,-0.3489702,1.3600976,-1.0147474,-0.3491049,1.3600976,-1.0147488,-0.349112,1.3600905,-1.0147552,-0.3491687,1.3599913,-1.0147594,-0.349112,1.3600551,-1.0147524,-0.3491049,1.3600834,-1.0147531,-0.3491403,1.3600622,-1.0147552,-0.3491474,1.3601047,-1.0147552,-0.3491828,1.3601047,-1.0147545,-0.3491757,1.3601543,-1.0147573,-0.3492537,1.3601047,-1.0147573,-0.3492041,1.360126,-1.0147609,-0.3492537,1.3601047,-1.0147658,-0.3492891,1.3600763,-1.0147637,-0.3492395,1.360133,-1.0147658,-0.3493104,1.360211,-1.0147616,-0.3493458,1.360126,-1.014763,-0.349275,1.3601968,-1.0147722,-0.349438,1.3600338,-1.0147864,-0.3494167,1.3601047,-1.0147878,-0.3494947,1.3600338,-1.0147906,-0.3494522,1.3601685,-1.01478,-0.3494876,1.3601401,-1.0147821,-0.3494805,1.3601047,-1.0147807,-0.3494309,1.3601047,-1.0147821,-0.349438,1.3601118,-1.01478,-0.3494309,1.360126,-1.0147885,-0.349523,1.3601189,-1.0147821,-0.3494522,1.3600409,-1.01478,-0.34936,1.3601897,-1.0147928,-0.3496294,1.3601968,-1.0147963,-0.3496648,1.3601047,-1.0147942,-0.3495514,1.3601968,-1.0147949,-0.3496506,1.3601685,-1.0147984,-0.3496577,1.360133,-1.0147949,-0.3495939,1.3601118,-1.0147956,-0.3495797,1.360133,-1.0147998,-0.3496435,1.3601472,-1.0147991,-0.3496435,1.3601543,-1.0148041,-0.3497002,1.3601543,-1.0148027,-0.3496861,1.3601756,-1.0148027,-0.3497073,1.3602464,-1.0148048,-0.3498066,1.3602039,-1.0148091,-0.3497924,1.3601827,-1.0148147,-0.3498278,1.3601968,-1.0148133,-0.3498349,1.3602039,-1.014814,-0.3498349,1.3602323,-1.0148176,-0.3499058,1.3601968,-1.0148204,-0.3499058,1.3601118,-1.0148204,-0.3498207,1.3601968,-1.0148154,-0.3498491,1.3601897,-1.0148126,-0.3498136,1.3601614,-1.0148133,-0.3497924,1.3602181,-1.0148112,-0.3498278,1.3601827,-1.0148147,-0.3498278,1.3601756,-1.0148161,-0.349842,1.3601968,-1.014814,-0.349842,1.3602039,-1.0148119,-0.3498136,1.3601968,-1.0148119,-0.3498207,1.3601897,-1.0148126,-0.3498136,1.3601685,-1.0148161,-0.3498207,1.3601827,-1.0148112,-0.3497924,1.3601543,-1.0148147,-0.3497995,1.3601827,-1.014814,-0.3498136,1.3601827,-1.0148119,-0.3498066,1.3601472,-1.0148112,-0.3497569,1.360211,-1.0148112,-0.3498207,1.3601685,-1.014814,-0.3498136,1.3601897,-1.0148119,-0.3498066,1.3601897,-1.0148091,-0.3497853,1.3601756,-1.0148083,-0.349764,1.3601827,-1.0148062,-0.3497569,1.3601614,-1.0148048,-0.3497215,1.3601614,-1.0148048,-0.3497144,1.360211,-1.0148098,-0.3498066,1.3601543,-1.0148076,-0.3497357,1.3601543,-1.0148041,-0.3497002,1.360126,-1.0148027,-0.3496577,1.3601685,-1.0148027,-0.3497073,1.3601685,-1.0148048,-0.3497215,1.360133,-1.0148041,-0.349679,1.3601472,-1.0148034,-0.3496861,1.3601543,-1.0148048,-0.3497073,1.3601614,-1.0148055,-0.3497073,1.3601472,-1.0148048,-0.3497002,1.3601614,-1.014802,-0.3496861,1.3600976,-1.0147942,-0.3495585,1.3600763,-1.0147878,-0.3494734,1.3600905,-1.014785,-0.3494593,1.3601189,-1.0147842,-0.3494734,1.3600976,-1.0147857,-0.3494663,1.3601189,-1.0147842,-0.3494734,1.360133,-1.0147821,-0.3494734,1.3597857,-1.0147389,-0.3487079,1.3599062,-1.0147361,-0.3488072,1.3599771,-1.0147424,-0.3489277,1.3600055,-1.0147389,-0.3489277,1.3599275,-1.0147403,-0.3488568,1.3600338,-1.0147361,-0.3489277,1.3600409,-1.0147361,-0.3489418,1.3600622,-1.0147346,-0.3489489,1.3600409,-1.0147346,-0.3489348,1.3600551,-1.0147339,-0.3489277,1.3600692,-1.0147325,-0.3489418,1.3601189,-1.0147318,-0.3489844,1.3600976,-1.0147332,-0.3489702,1.3599842,-1.0147304,-0.3488284,1.3599984,-1.0147247,-0.3487859,1.3600905,-1.0147283,-0.3489064,1.3600622,-1.0147297,-0.3488922,1.3600692,-1.0147297,-0.3489064,1.3600905,-1.0147297,-0.3489206,1.3600834,-1.0147304,-0.3489277,1.3600763,-1.0147268,-0.3488851,1.3600834,-1.0147275,-0.3488993,1.3600834,-1.0147283,-0.3488993,1.3600267,-1.0147297,-0.3488568,1.3600622,-1.0147275,-0.3488781,1.3600622,-1.0147318,-0.3489206,1.3600622,-1.0147304,-0.3489064,1.3600125,-1.0147361,-0.3489135,1.3600763,-1.0147382,-0.3489985,1.3601047,-1.0147389,-0.349034,1.3600976,-1.0147431,-0.3490623,1.360126,-1.0147431,-0.3490907,1.3600905,-1.0147361,-0.3489844,1.3600692,-1.0147382,-0.3489773,1.3600905,-1.0147346,-0.3489773,1.360048,-1.0147368,-0.348956,1.3600409,-1.0147346,-0.3489206,1.3600267,-1.0147339,-0.3488993,1.3600905,-1.0147361,-0.3489844,1.3600196,-1.014724,-0.3488001,1.3600692,-1.0147346,-0.348956,1.3601401,-1.0147431,-0.3491049,1.3600976,-1.0147474,-0.349112,1.3601047,-1.0147509,-0.3491474,1.3601189,-1.0147502,-0.3491474,1.360133,-1.0147488,-0.3491474,1.3600834,-1.0147545,-0.3491616,1.3601118,-1.0147531,-0.3491757,1.3601047,-1.0147531,-0.3491687,1.3601614,-1.0147566,-0.3492537,1.3601756,-1.0147587,-0.3492962,1.3602464,-1.0147715,-0.3494805,1.3602039,-1.0147701,-0.3494238,1.360211,-1.0147722,-0.3494593,1.3602961,-1.0147715,-0.3495372,1.3601756,-1.0147772,-0.3494593,1.3602039,-1.0147779,-0.3495018,1.3601189,-1.0147779,-0.3494167,1.360126,-1.0147807,-0.3494522,1.3601543,-1.0147814,-0.3494805,1.360133,-1.0147807,-0.3494593,1.3601827,-1.0147779,-0.3494734,1.3601543,-1.0147779,-0.3494522,1.3601756,-1.01478,-0.3494876,1.3601614,-1.0147835,-0.3495018,1.3601897,-1.0147807,-0.3495089,1.3601756,-1.0147807,-0.3495018,1.3601614,-1.01478,-0.3494805,1.3602394,-1.0147694,-0.3494522,1.3600976,-1.0147722,-0.3493388,1.3601118,-1.01478,-0.3494309,1.360133,-1.0147807,-0.3494593,1.3601827,-1.0147928,-0.3496223,1.3602252,-1.0147991,-0.3497286,1.3602039,-1.0148027,-0.3497357,1.3601047,-1.0147913,-0.3495301,1.3601968,-1.0148027,-0.3497286,1.3601543,-1.0148048,-0.3497144,1.3601047,-1.0147984,-0.3495939,1.3601543,-1.014797,-0.3496294,1.3601614,-1.0147949,-0.3496152,1.3602323,-1.0147977,-0.3497215,1.3602323,-1.0147998,-0.3497428,1.3602323,-1.0148069,-0.3498066,1.3602181,-1.0148055,-0.3497853,1.3602039,-1.0148091,-0.3497995,1.3602323,-1.0148105,-0.349842,1.3602252,-1.0148147,-0.3498703,1.3602039,-1.014814,-0.3498491,1.3602606,-1.0148112,-0.3498703,1.3602394,-1.0148161,-0.3499058,1.360289,-1.0148183,-0.3499625,1.3602677,-1.0148218,-0.3499838,1.3601614,-1.0148225,-0.3498845,1.3602394,-1.014814,-0.3498845,1.3601685,-1.0148197,-0.3498633,1.3602535,-1.0148246,-0.3499979,1.3602819,-1.0148261,-0.3500334,1.3602819,-1.0148254,-0.3500263,1.3602252,-1.0148303,-0.3500192,1.3602677,-1.0148296,-0.3500617,1.3601543,-1.0148197,-0.3498562,1.3602039,-1.0148218,-0.34992,1.3602394,-1.0148232,-0.3499696,1.3602252,-1.0148261,-0.3499838,1.3602039,-1.0148239,-0.3499412,1.3602252,-1.0148232,-0.3499554,1.3602464,-1.0148239,-0.3499838,1.3602464,-1.0148239,-0.3499908,1.3602961,-1.014831,-0.3500972,1.3602819,-1.0148303,-0.3500759,1.3602606,-1.0148339,-0.3500901,1.3602535,-1.0148374,-0.3501184,1.360289,-1.0148346,-0.3501255,1.3602323,-1.0148381,-0.3501042,1.3603031,-1.014841,-0.3501964,1.3602535,-1.0148473,-0.3502106,1.3602961,-1.0148438,-0.3502176,1.3602819,-1.0148452,-0.3502247,1.3602748,-1.0148417,-0.3501893,1.3603173,-1.0148445,-0.350246,1.3603031,-1.014848,-0.3502744,1.3602748,-1.0148473,-0.3502389,1.3602748,-1.0148466,-0.3502247,1.360289,-1.0148424,-0.3501964,1.3603244,-1.0148473,-0.3502885,1.3603315,-1.0148495,-0.3503169,1.3602748,-1.0148509,-0.3502673,1.3602464,-1.0148544,-0.3502744,1.3602464,-1.0148473,-0.3502035,1.3602677,-1.0148516,-0.3502744,1.360289,-1.0148523,-0.3502885,1.3602677,-1.0148509,-0.3502531,1.3602464,-1.0148495,-0.3502247,1.3602677,-1.0148537,-0.3502814,1.3602535,-1.0148558,-0.3503027,1.3602677,-1.0148523,-0.3502814,1.3602748,-1.0148516,-0.3502744,1.3602748,-1.0148473,-0.3502318,1.3602323,-1.0148459,-0.3501822,1.3602252,-1.0148466,-0.3501751,1.3601827,-1.0148452,-0.3501113,1.3601897,-1.0148424,-0.3500901,1.3602535,-1.0148424,-0.3501539,1.3602606,-1.0148459,-0.3502035,1.3602677,-1.0148452,-0.3502035,1.3602606,-1.0148445,-0.3501893,1.3602819,-1.0148431,-0.3502035,1.3602748,-1.0148431,-0.3501964,1.3602819,-1.014848,-0.350246,1.3602677,-1.0148466,-0.3502247,1.3603528,-1.0148487,-0.3503311,1.3603315,-1.0148551,-0.3503594,1.3603031,-1.0148537,-0.350324,1.3603102,-1.0148495,-0.3502956,1.3602748,-1.0148523,-0.3502814,1.3602535,-1.0148516,-0.3502531,1.3602819,-1.0148516,-0.3502885,1.360289,-1.0148537,-0.3503027,1.3602464,-1.014853,-0.3502602,1.3602677,-1.0148551,-0.3502956,1.3602748,-1.014853,-0.3502885,1.3602819,-1.0148509,-0.3502744,1.3602819,-1.0148502,-0.3502673,1.3602394,-1.0148487,-0.3502106,1.3602748,-1.0148473,-0.3502318,1.3602606,-1.0148487,-0.3502389,1.3602535,-1.0148459,-0.3502035,1.3602677,-1.0148445,-0.3501964,1.3602748,-1.0148473,-0.3502389,1.3602606,-1.0148452,-0.3502035,1.3602464,-1.0148431,-0.3501609,1.3602323,-1.0148459,-0.3501822,1.3602181,-1.0148473,-0.350168,1.3601472,-1.0148424,-0.3500617,1.3602677,-1.0148431,-0.3501893,1.3601543,-1.0148296,-0.3499341,1.3601968,-1.0148268,-0.3499625,1.3601968,-1.0148232,-0.349927,1.3602606,-1.0148261,-0.3500121,1.3602748,-1.014831,-0.3500759,1.3602323,-1.0148339,-0.3500546,1.3602677,-1.014831,-0.3500688,1.3602819,-1.0148339,-0.3501042,1.3602677,-1.0148317,-0.350083,1.3603031,-1.0148374,-0.350168,1.3602606,-1.014836,-0.3501113,1.3602961,-1.0148324,-0.3501113,1.3602961,-1.0148367,-0.3501468,1.3602961,-1.0148374,-0.350168,1.3602819,-1.0148388,-0.3501609,1.3602748,-1.0148388,-0.3501468,1.360289,-1.0148388,-0.3501609,1.3602819,-1.0148424,-0.3501964,1.360289,-1.0148395,-0.350168,1.3602181,-1.0148395,-0.3501042,1.3602394,-1.0148402,-0.3501255,1.3602677,-1.0148388,-0.3501397,1.3602819,-1.0148388,-0.3501609,1.360289,-1.0148402,-0.3501822,1.3602677,-1.0148388,-0.3501468,1.3603386,-1.0148438,-0.3502673,1.3603173,-1.0148509,-0.3503098,1.3603102,-1.0148495,-0.3502885,1.360289,-1.0148495,-0.3502673,1.3603102,-1.0148466,-0.3502673,1.3603031,-1.0148473,-0.3502531,1.3602677,-1.0148509,-0.3502602,1.3602961,-1.0148459,-0.350246,1.3603244,-1.0148466,-0.3502673,1.3603315,-1.0148466,-0.3502814,1.3603528,-1.0148452,-0.3502885,1.3602961,-1.0148551,-0.3503311,1.3603457,-1.0148594,-0.3504232,1.3603386,-1.0148573,-0.3503878,1.3603244,-1.0148587,-0.3503878,1.3602961,-1.0148573,-0.3503523,1.3603102,-1.0148551,-0.3503452,1.3602961,-1.0148608,-0.3503807,1.3603315,-1.0148558,-0.3503807,1.360374,-1.0148594,-0.3504515,1.3603173,-1.0148615,-0.3504232,1.360289,-1.0148608,-0.3503807,1.3603102,-1.014865,-0.3504374,1.360289,-1.0148629,-0.3503878,1.3603244,-1.0148622,-0.3504303,1.3603315,-1.0148665,-0.3504728,1.3603315,-1.014865,-0.3504586,1.3603528,-1.0148615,-0.3504445,1.3603457,-1.0148636,-0.3504586,1.3603598,-1.0148608,-0.3504515,1.3603528,-1.0148594,-0.3504303,1.3603315,-1.0148615,-0.3504232,1.360374,-1.01487,-0.3505508,1.360374,-1.0148736,-0.3505862,1.3603811,-1.0148693,-0.3505508,1.3603528,-1.0148679,-0.3505082,1.3603244,-1.0148658,-0.3504586,1.3602961,-1.0148658,-0.3504303,1.3603315,-1.0148608,-0.3504232,1.3603953,-1.014865,-0.3505224,1.3604236,-1.0148785,-0.3506854,1.3603953,-1.0148849,-0.3507138,1.3604166,-1.0148821,-0.3507138,1.3603882,-1.0148849,-0.3507138,1.3604166,-1.0148884,-0.3507705,1.3603457,-1.0148948,-0.3507634,1.3605016,-1.0149005,-0.3509619,1.3604095,-1.0149054,-0.3509264,1.3603882,-1.0149069,-0.3509123,1.3604095,-1.014909,-0.3509548,1.3604024,-1.0149076,-0.3509335,1.3603811,-1.014909,-0.3509264,1.360452,-1.0149132,-0.3510398,1.3604307,-1.0149132,-0.3510186,1.360452,-1.0149111,-0.3510186,1.3604733,-1.0149154,-0.3510753,1.3604803,-1.014914,-0.3510824,1.3604662,-1.0149132,-0.3510611,1.3603882,-1.0149132,-0.350969,1.3603882,-1.014914,-0.3509831,1.3603882,-1.0149203,-0.3510469,1.3604378,-1.0149154,-0.3510398,1.3603598,-1.014914,-0.3509619,1.3604733,-1.0149196,-0.3511178,1.3604662,-1.0149239,-0.3511603,1.3604591,-1.014926,-0.3511674,1.3604449,-1.014926,-0.3511603,1.3604449,-1.014931,-0.3512029,1.3604095,-1.0149317,-0.3511745,1.3604166,-1.014926,-0.3511391,1.3604591,-1.0149253,-0.3511603,1.3604166,-1.014926,-0.351132,1.3604166,-1.0149246,-0.3511178,1.3604095,-1.0149246,-0.3511178,1.3604307,-1.0149253,-0.3511391,1.3604378,-1.014926,-0.3511391,1.3604166,-1.0149281,-0.3511532,1.3603953,-1.0149295,-0.3511391,1.3604166,-1.0149295,-0.3511674,1.3604236,-1.0149288,-0.3511674,1.3603882,-1.0149267,-0.3511107,1.3604024,-1.0149253,-0.3511036,1.3603953,-1.0149246,-0.3510894,1.3604095,-1.0149239,-0.3511036,1.3604095,-1.0149239,-0.3511107,1.3604166,-1.0149232,-0.3511036,1.3604236,-1.0149246,-0.3511249,1.3604024,-1.0149303,-0.3511532,1.3604449,-1.0149253,-0.3511462,1.3604095,-1.0149232,-0.3510965,1.3604236,-1.0149246,-0.3511178,1.3604307,-1.0149253,-0.351132,1.3603882,-1.014926,-0.3511036,1.3604166,-1.0149239,-0.3511036,1.360452,-1.0149253,-0.3511603,1.360374,-1.0149303,-0.3511249,1.3603953,-1.0149203,-0.351054,1.3604024,-1.0149203,-0.3510611,1.3604095,-1.0149253,-0.3511178,1.3604307,-1.014921,-0.3510894,1.3603953,-1.0149225,-0.3510753,1.3604449,-1.0149274,-0.3511674,1.3604662,-1.0149274,-0.3511887,1.3604378,-1.014926,-0.3511532,1.3604945,-1.0149324,-0.3512596,1.3604803,-1.0149373,-0.3513021,1.3604803,-1.0149373,-0.3513021,1.3604662,-1.0149373,-0.3512879,1.3605229,-1.014943,-0.3513942,1.3604733,-1.0149459,-0.351373,1.360537,-1.0149529,-0.3515005,1.3604803,-1.0149558,-0.3514722,1.3604591,-1.0149515,-0.3514155,1.3604803,-1.014948,-0.3513942,1.3604662,-1.0149508,-0.3514084,1.3604803,-1.0149501,-0.3514226,1.3604591,-1.0149508,-0.3514084,1.3604733,-1.0149508,-0.3514226,1.3604449,-1.0149501,-0.3513871,1.3604803,-1.0149466,-0.3513942,1.3604307,-1.0149536,-0.3514084,1.3604662,-1.0149551,-0.3514509,1.360452,-1.0149536,-0.3514226,1.3604591,-1.0149515,-0.3514084,1.3604591,-1.0149508,-0.3514084,1.3606079,-1.0149614,-0.3516565,1.3605229,-1.0149707,-0.3516636,1.3605725,-1.0149685,-0.3516848,1.3606504,-1.0149763,-0.3518408,1.3606646,-1.014994,-0.3520321,1.3606221,-1.0149997,-0.3520392,1.3605867,-1.0149997,-0.3520038,1.3605229,-1.0150018,-0.3519612,1.3605229,-1.0150011,-0.35194,1.3605796,-1.0150011,-0.3520109,1.3605583,-1.0149997,-0.3519754,1.3605867,-1.014999,-0.3519896,1.3607001,-1.015004,-0.3521597,1.3607072,-1.0150302,-0.3524078,1.3606788,-1.015043,-0.3524999,1.3606504,-1.0150437,-0.3524787,1.3606575,-1.0150451,-0.352507,1.3606008,-1.0150493,-0.3524928,1.3606221,-1.0150507,-0.3525212,1.36053,-1.015043,-0.3523582,1.3606221,-1.0150451,-0.3524645,1.3606079,-1.015043,-0.3524361,1.3605867,-1.0150401,-0.3523794,1.3605654,-1.0150401,-0.3523653,1.3606079,-1.0150366,-0.3523723,1.3605937,-1.015038,-0.3523653,1.3605867,-1.0150373,-0.3523582,1.3605796,-1.0150422,-0.3523936,1.3606363,-1.0150507,-0.3525354,1.3606646,-1.0150529,-0.352585,1.3605867,-1.0150493,-0.3524716,1.3606575,-1.0150451,-0.352507,1.3606859,-1.0150536,-0.3526133
2020-05-11.out.6,0.0,1.3606646,-1.0150578,-0.3526275,1.3606859,-1.01506,-0.3526771,1.3606008,-1.0150621,-0.3526133,1.3606292,-1.0150614,-0.3526275,1.3605937,-1.0150571,-0.3525566,1.3605583,-1.01506,-0.3525495,1.3606575,-1.0150564,-0.3526062,1.3606221,-1.0150621,-0.3526275,1.3606504,-1.01506,-0.3526488,1.360615,-1.0150607,-0.3526133,1.3605937,-1.0150621,-0.3525992,1.3606079,-1.0150621,-0.3526204,1.3606504,-1.0150671,-0.3527055,1.3605937,-1.0150706,-0.3526842,1.3606363,-1.0150642,-0.3526629,1.3606292,-1.0150656,-0.3526771,1.3606504,-1.0150656,-0.3526913,1.360615,-1.0150685,-0.3526842,1.3606434,-1.0150685,-0.3527126,1.3606363,-1.0150692,-0.3527196,1.3606079,-1.0150692,-0.3526842,1.3605725,-1.0150699,-0.3526559,1.3605512,-1.0150678,-0.3526204,1.3605512,-1.0150607,-0.3525495,1.3605937,-1.0150607,-0.3525992,1.3605796,-1.0150607,-0.3525779,1.3605654,-1.0150635,-0.3525921,1.3606008,-1.0150607,-0.3525992,1.360615,-1.0150607,-0.3526062,1.360615,-1.0150593,-0.3525992,1.3606363,-1.0150585,-0.3526204,1.3606363,-1.0150557,-0.352585,1.360615,-1.0150564,-0.3525637,1.3605937,-1.015055,-0.3525354,1.360615,-1.0150585,-0.3525921,1.3605725,-1.0150628,-0.352585,1.3604733,-1.0150564,-0.352422,1.3604236,-1.0150621,-0.352422,1.3604378,-1.0150614,-0.3524432,1.3605158,-1.0150543,-0.3524574,1.36053,-1.01505,-0.352429,1.3604945,-1.0150557,-0.3524432,1.360537,-1.0150543,-0.3524716,1.3605512,-1.0150515,-0.3524574,1.3605583,-1.0150515,-0.3524716,1.3604591,-1.0150486,-0.352344,1.3604591,-1.0150472,-0.3523227,1.3604662,-1.0150472,-0.3523298,1.360452,-1.015043,-0.3522944,1.3604874,-1.0150394,-0.3522731,1.3604733,-1.0150373,-0.3522448,1.3605016,-1.0150352,-0.3522518,1.3604591,-1.0150359,-0.3522235,1.3605229,-1.0150387,-0.3523015,1.36053,-1.0150387,-0.3523156,1.36053,-1.0150401,-0.3523227,1.3605583,-1.0150394,-0.3523511,1.360537,-1.0150352,-0.3522944,1.3605441,-1.0150344,-0.3522944,1.3605654,-1.0150344,-0.3523086,1.3605937,-1.0150309,-0.3523086,1.3605654,-1.015033,-0.3523015,1.3605654,-1.0150323,-0.3522873,1.3605654,-1.015033,-0.3523015,1.3605725,-1.015033,-0.3523086,1.3605654,-1.015033,-0.3523015,1.36053,-1.0150344,-0.3522731,1.3604945,-1.0150373,-0.3522589,1.3604874,-1.015038,-0.352266,1.3605512,-1.0150302,-0.3522518,1.3605583,-1.0150288,-0.3522448,1.360537,-1.0150274,-0.3522164,1.3605725,-1.0150281,-0.3522518,1.3606079,-1.0150302,-0.3523086,1.3605654,-1.015033,-0.3522944,1.3605796,-1.0150309,-0.3522873,1.360537,-1.0150288,-0.3522306,1.3605654,-1.0150252,-0.3522306,1.3606008,-1.0150224,-0.3522377,1.3605796,-1.0150231,-0.3522164,1.3605441,-1.0150245,-0.3521951,1.3605725,-1.0150224,-0.3522022,1.3605512,-1.0150274,-0.3522306,1.3605654,-1.0150422,-0.3523865,1.3605937,-1.0150408,-0.3523936,1.3605937,-1.0150394,-0.3523865,1.3605937,-1.0150387,-0.3523794,1.360615,-1.015033,-0.352344,1.3605583,-1.0150323,-0.3522731,1.360615,-1.0150422,-0.352429,1.3606363,-1.0150465,-0.3524999,1.360615,-1.0150515,-0.3525212,1.3605229,-1.0150678,-0.352585,1.3606575,-1.0150621,-0.3526629,1.3606788,-1.0150628,-0.3526913,1.3609836,-1.0150919,-0.3532867,1.3607851,-1.0150876,-0.3530386,1.3606575,-1.0150869,-0.3528968,1.3606575,-1.0150848,-0.3528827,1.3607709,-1.0150897,-0.3530457,1.3607851,-1.0150989,-0.3531449,1.3607426,-1.0151067,-0.3531733,1.3607001,-1.0151089,-0.353152,1.360693,-1.0151039,-0.3531024,1.3606221,-1.0151018,-0.3530102,1.3606575,-1.0150997,-0.3530173,1.360537,-1.0151046,-0.3529535,1.3608206,-1.0151082,-0.3532654,1.3607709,-1.0151103,-0.3532371,1.3606788,-1.015106,-0.3531024,1.3606859,-1.0151018,-0.3530669,1.3607213,-1.0150961,-0.3530528,1.3606646,-1.0151004,-0.3530386,1.3608489,-1.0151195,-0.3534072,1.3608206,-1.0151238,-0.3534213,1.3607922,-1.0151273,-0.3534355,1.3607568,-1.0151294,-0.3534072,1.3607284,-1.0151316,-0.3534072,1.3607568,-1.0151316,-0.3534284,1.3607568,-1.0151379,-0.3534922,1.360693,-1.0151393,-0.3534355,1.3607142,-1.0151436,-0.3535064,1.360778,-1.0151436,-0.3535631,1.3607142,-1.0151393,-0.3534568,1.3607072,-1.0151337,-0.3534072,1.360693,-1.0151351,-0.353393,1.3607001,-1.0151379,-0.3534355,1.3607284,-1.0151351,-0.3534355,1.3607355,-1.015133,-0.3534213,1.3607497,-1.015133,-0.3534355,1.3607213,-1.0151308,-0.3533859,1.3607142,-1.0151287,-0.3533646,1.3607284,-1.015133,-0.3534072,1.3607497,-1.0151358,-0.3534568,1.3607284,-1.0151372,-0.3534568,1.3607213,-1.0151358,-0.3534426,1.360693,-1.0151379,-0.3534355,1.3607072,-1.0151351,-0.3534001,1.3607355,-1.0151337,-0.3534284,1.3606859,-1.015133,-0.3533646,1.3607284,-1.0151273,-0.3533575,1.3607355,-1.0151266,-0.3533575,1.3607568,-1.0151266,-0.3533859,1.3607355,-1.0151266,-0.3533575,1.3607284,-1.0151273,-0.3533646,1.3607284,-1.015123,-0.3533221,1.3607001,-1.0151252,-0.353315,1.3607568,-1.015123,-0.3533505,1.3607426,-1.015123,-0.3533363,1.3607851,-1.0151209,-0.3533575,1.3607922,-1.015123,-0.3533859,1.3607568,-1.0151287,-0.3534001,1.3607426,-1.0151308,-0.3534001,1.3607568,-1.015133,-0.3534426,1.3607568,-1.0151308,-0.3534213,1.3607639,-1.0151308,-0.3534284,1.3607922,-1.0151393,-0.3535347,1.3607851,-1.0151436,-0.3535773,1.3607497,-1.0151436,-0.3535347,1.3607639,-1.0151393,-0.3535064,1.3607284,-1.0151372,-0.3534568,1.3607355,-1.0151351,-0.3534426,1.3607213,-1.0151337,-0.3534142,1.3607426,-1.0151372,-0.353471,1.3607213,-1.0151393,-0.3534639,1.360778,-1.0151358,-0.3534922,1.3607497,-1.0151372,-0.353478,1.3607568,-1.0151415,-0.3535206,1.3607851,-1.0151393,-0.3535277,1.360856,-1.0151542,-0.3537474,1.3608276,-1.0151479,-0.3536552,1.3607993,-1.0151443,-0.3535985,1.3607851,-1.0151415,-0.353556,1.3608985,-1.0151479,-0.3537261,1.3609836,-1.0151578,-0.3539033,1.3609623,-1.0151755,-0.3540592,1.3610828,-1.0151819,-0.3542435,1.3610261,-1.0152046,-0.3543924,1.3609198,-1.0152031,-0.354279,1.3608702,-1.0151975,-0.3541726,1.3609481,-1.015196,-0.3542364,1.3608985,-1.0151968,-0.354201,1.3608773,-1.0152088,-0.354286,1.3608631,-1.0152038,-0.3542364,1.3609269,-1.0152102,-0.3543498,1.360941,-1.0152067,-0.3543286,1.3608914,-1.0152067,-0.354279,1.3608843,-1.015206,-0.3542648,1.3608914,-1.0152067,-0.354279,1.3610261,-1.0152088,-0.3544349,1.3610261,-1.0152216,-0.3545554,1.3609056,-1.015218,-0.3544065,1.360941,-1.0152131,-0.3543924,1.3609481,-1.015223,-0.3544916,1.3609127,-1.015223,-0.3544632,1.3609269,-1.015218,-0.3544278,1.360941,-1.0152131,-0.3543924,1.3609269,-1.015218,-0.3544278,1.360934,-1.0152209,-0.3544562,1.360941,-1.0152272,-0.354527,1.3609481,-1.0152237,-0.3545058,1.3609056,-1.0152209,-0.3544349,1.3609907,-1.0152265,-0.3545696,1.3609269,-1.0152258,-0.3544916,1.3609481,-1.015223,-0.3544916,1.3610403,-1.0152237,-0.3545979,1.3609694,-1.0152237,-0.3545199,1.3610048,-1.0152216,-0.3545341,1.3609978,-1.0152223,-0.3545341,1.360934,-1.0152194,-0.354442,1.3608843,-1.0152223,-0.3544349,1.3608418,-1.0152322,-0.3544703,1.3609552,-1.0152244,-0.3545199,1.3609765,-1.015218,-0.3544703,1.3610048,-1.0152294,-0.3546121,1.3610332,-1.0152343,-0.3546901,1.3610403,-1.0152357,-0.3547042,1.361019,-1.0152421,-0.3547468,1.3610403,-1.0152357,-0.3547042,1.3610119,-1.0152379,-0.3546971,1.3610048,-1.0152336,-0.3546475,1.3609907,-1.0152301,-0.354605,1.3609978,-1.0152336,-0.3546404,1.3609481,-1.0152357,-0.3546121,1.3610261,-1.0152386,-0.3547255,1.3609978,-1.0152379,-0.354683,1.3609907,-1.0152407,-0.3547113,1.3610048,-1.0152428,-0.3547468,1.361019,-1.0152407,-0.3547397,1.3610545,-1.015252,-0.3548743,1.3610403,-1.0152535,-0.3548814,1.3610261,-1.0152528,-0.3548531,1.3610403,-1.0152485,-0.3548318,1.3610261,-1.0152591,-0.3549169,1.3611253,-1.0152655,-0.355087,1.3610615,-1.0152691,-0.3550444,1.3610474,-1.0152698,-0.3550374,1.3610332,-1.0152669,-0.3549948,1.3610757,-1.0152676,-0.3550444,1.361019,-1.0152719,-0.3550303,1.3610545,-1.0152691,-0.3550444,1.3610332,-1.0152698,-0.3550303,1.3609907,-1.0152676,-0.3549665,1.361097,-1.0152691,-0.3550799,1.3610545,-1.0152669,-0.3550232,1.3610332,-1.0152669,-0.3550019,1.3611395,-1.0152698,-0.3551295,1.3610403,-1.0152733,-0.3550657,1.3610615,-1.0152698,-0.3550586,1.3610686,-1.0152676,-0.3550444,1.3610332,-1.0152669,-0.3549948,1.3610757,-1.0152648,-0.3550161,1.3610686,-1.0152712,-0.3550799,1.3610757,-1.0152712,-0.3550799,1.361097,-1.0152719,-0.3551153,1.3610474,-1.0152691,-0.3550303,1.3612246,-1.0152733,-0.35525,1.3611679,-1.0152712,-0.3551791,1.3611182,-1.0152712,-0.3551224,1.3610899,-1.0152754,-0.3551366,1.3610828,-1.015274,-0.3551224,1.3610474,-1.0152754,-0.3551011,1.3610615,-1.0152846,-0.3552004,1.3611182,-1.0152861,-0.3552713,1.3611537,-1.0152825,-0.3552642,1.3611324,-1.0152868,-0.3552854,1.3610899,-1.0152868,-0.3552571,1.3611041,-1.0152903,-0.3552925,1.3611324,-1.0152995,-0.3553988,1.361097,-1.0153087,-0.3554697,1.361019,-1.0153158,-0.3554626,1.3611182,-1.0152974,-0.3553776,1.3610828,-1.0153024,-0.3553847,1.3611041,-1.0153045,-0.3554272,1.3611679,-1.0153073,-0.3555193,1.3611253,-1.0153109,-0.3555052,1.3611182,-1.0153073,-0.3554768,1.3611182,-1.015308,-0.3554697,1.3610899,-1.0153087,-0.3554555,1.3611041,-1.0153087,-0.3554697,1.3611112,-1.0153116,-0.3555052,1.3611041,-1.0153109,-0.3554839,1.3611182,-1.0153095,-0.355491,1.3610828,-1.0153073,-0.3554414,1.3611253,-1.0153052,-0.3554555,1.3611182,-1.0153052,-0.3554484,1.3611182,-1.0153066,-0.3554697,1.3611182,-1.0153045,-0.3554414,1.3611182,-1.0153038,-0.3554343,1.3611253,-1.0153073,-0.3554839,1.3611466,-1.0153087,-0.3555052,1.3610899,-1.015308,-0.3554414,1.3610899,-1.0153031,-0.3554059,1.3611112,-1.0153009,-0.3554059,1.3610828,-1.0153031,-0.3553917,1.3611112,-1.0153045,-0.3554414,1.3611112,-1.0153024,-0.3554201,1.3611395,-1.0153087,-0.3555052,1.3611395,-1.0153158,-0.355576,1.3611253,-1.0153151,-0.3555477,1.3611253,-1.015313,-0.3555335,1.3610899,-1.0153151,-0.3555193,1.3610899,-1.0153215,-0.3555831,1.3611466,-1.0153222,-0.3556398,1.3611962,-1.0153215,-0.3556823,1.3611608,-1.0153229,-0.3556682,1.3611466,-1.0153222,-0.3556469,1.3611253,-1.0153222,-0.3556186,1.3611466,-1.0153243,-0.355654,1.3611112,-1.0153194,-0.355576,1.3611324,-1.015325,-0.355654,1.3611537,-1.0153222,-0.355654,1.3611112,-1.0153158,-0.3555406,1.3611395,-1.0153109,-0.3555264,1.3611253,-1.0153187,-0.3555831,1.3612104,-1.015318,-0.3556682,1.3611679,-1.0153215,-0.355654,1.3611679,-1.0153222,-0.3556611,1.3611679,-1.0153229,-0.3556753,1.3612316,-1.0153265,-0.3557603,1.3611891,-1.0153328,-0.3557887,1.3611962,-1.01533,-0.3557674,1.3611466,-1.0153293,-0.3557107,1.3611679,-1.0153258,-0.3556965,1.3611891,-1.015325,-0.3557036,1.3611679,-1.0153307,-0.355739,1.3611608,-1.0153286,-0.3557178,1.3611891,-1.0153236,-0.3556965,1.3611537,-1.0153243,-0.3556682,1.3611608,-1.0153201,-0.3556398,1.3612316,-1.0153265,-0.3557674,1.3611608,-1.0153321,-0.3557461,1.3612246,-1.0153449,-0.3559375,1.3612033,-1.0153456,-0.3559233,1.3611891,-1.0153499,-0.3559517,1.3611891,-1.0153499,-0.3559588,1.3611962,-1.0153499,-0.3559517,1.3612175,-1.0153477,-0.3559588,1.3611891,-1.0153499,-0.3559517,1.3611749,-1.0153499,-0.3559304,1.3611608,-1.0153491,-0.3559092,1.3611749,-1.0153477,-0.3559162,1.3611253,-1.0153435,-0.3558241,1.3611679,-1.0153456,-0.3558808,1.3611324,-1.0153534,-0.3559304,1.3611749,-1.0153499,-0.3559304,1.3611891,-1.0153456,-0.3559092,1.3611608,-1.015347,-0.355895,1.3612033,-1.0153449,-0.3559162,1.3612316,-1.0153456,-0.3559517,1.3611749,-1.0153449,-0.3558808,1.3611749,-1.0153449,-0.3558879,1.3612033,-1.0153413,-0.3558808,1.3611749,-1.0153449,-0.3558879,1.3611891,-1.0153449,-0.3559021,1.3611537,-1.0153477,-0.3558879,1.3611537,-1.0153477,-0.3558879,1.3611749,-1.0153413,-0.3558595,1.3611182,-1.0153413,-0.3557958,1.3611537,-1.0153392,-0.3558099,1.3612246,-1.0153371,-0.3558595,1.3612246,-1.0153392,-0.3558808,1.3611679,-1.0153513,-0.3559446,1.3612104,-1.0153513,-0.3559871,1.3612458,-1.0153499,-0.3560084,1.3612671,-1.0153534,-0.356058,1.3612458,-1.0153555,-0.356058,1.3611608,-1.0153534,-0.3559517,1.3612316,-1.0153534,-0.3560155,1.3611891,-1.0153534,-0.35598,1.3611679,-1.0153555,-0.35598,1.3611749,-1.0153555,-0.3559942,1.3611962,-1.0153562,-0.3560226,1.3612175,-1.0153598,-0.3560722,1.3611749,-1.0153612,-0.3560367,1.3612033,-1.0153584,-0.3560438,1.3612033,-1.0153577,-0.3560367,1.3611891,-1.0153584,-0.3560296,1.3611962,-1.0153548,-0.3560013,1.3611679,-1.0153548,-0.35598,1.361182,-1.0153527,-0.3559659,1.361182,-1.0153513,-0.3559446,1.3611891,-1.0153534,-0.35598,1.3611891,-1.0153534,-0.35598,1.3611679,-1.0153491,-0.3559233,1.3611962,-1.0153449,-0.3559021,1.3612033,-1.0153456,-0.3559233,1.3612033,-1.0153477,-0.3559446,1.3611608,-1.0153477,-0.3558879,1.3612104,-1.0153513,-0.35598,1.3611679,-1.0153513,-0.3559375,1.3612104,-1.015352,-0.3559871,1.3611962,-1.0153513,-0.3559588,1.3611962,-1.0153541,-0.3559942,1.3611891,-1.0153534,-0.35598,1.3612671,-1.0153577,-0.3561005,1.3612316,-1.0153605,-0.3560934,1.36126,-1.0153619,-0.356136,1.3613025,-1.0153605,-0.3561643,1.3612742,-1.0153619,-0.3561431,1.3612104,-1.0153605,-0.3560793,1.3612387,-1.0153662,-0.3561572,1.3612316,-1.0153718,-0.3561856,1.3612104,-1.0153683,-0.3561431,1.3612033,-1.0153654,-0.3561076,1.3611749,-1.0153619,-0.356058,1.3610545,-1.0153789,-0.3560864,1.3612175,-1.015364,-0.3561147,1.3612316,-1.0153782,-0.3562635,1.36126,-1.0153782,-0.3562848,1.3613167,-1.015381,-0.356377,1.3612033,-1.0153888,-0.3563415,1.3612458,-1.0153888,-0.356377,1.3612813,-1.0153867,-0.3563911,1.3612813,-1.0153924,-0.3564407,1.3612529,-1.0153945,-0.3564407,1.3612387,-1.0153895,-0.356384,1.3612316,-1.0153853,-0.3563273,1.3612387,-1.015381,-0.3562919,1.3612671,-1.0153803,-0.3563132,1.3612884,-1.015381,-0.3563486,1.3612175,-1.0153945,-0.3563982,1.3613096,-1.015403,-0.3565754,1.3613025,-1.0154009,-0.3565471,1.3612458,-1.0153924,-0.3564053,1.3612671,-1.0153881,-0.356384,1.3613096,-1.015391,-0.356462,1.3613025,-1.0153966,-0.3565045,1.3614301,-1.0154207,-0.356866,1.3613167,-1.0154179,-0.3567243,1.3613592,-1.0154236,-0.3568306,1.3613521,-1.0154222,-0.3568022,1.3613238,-1.0154179,-0.3567313,1.3612671,-1.0154144,-0.3566463,1.3613025,-1.0154151,-0.3566817,1.3613451,-1.0154158,-0.3567313,1.361338,-1.0154179,-0.3567384,1.3613025,-1.01542,-0.3567313,1.3614726,-1.0154335,-0.357029,1.3613947,-1.0154385,-0.3570078,1.3614088,-1.0154427,-0.3570574,1.3614797,-1.0154427,-0.3571283,1.3614088,-1.0154462,-0.3570928,1.361423,-1.0154491,-0.3571283,1.3613805,-1.0154512,-0.3570928,1.3613451,-1.0154448,-0.3570078,1.3612954,-1.0154434,-0.356944,1.3613096,-1.0154477,-0.3570007,1.3614159,-1.0154583,-0.3572062,1.3613805,-1.015454,-0.3571353,1.3613876,-1.0154576,-0.3571779,1.3614797,-1.0154647,-0.3573338,1.3614585,-1.0154576,-0.3572488,1.361423,-1.0154626,-0.3572558,1.3613805,-1.0154604,-0.357192,1.3613805,-1.0154583,-0.3571779,1.3613451,-1.0154618,-0.3571708,1.3614301,-1.0154668,-0.3573055,1.3613734,-1.0154703,-0.3572842,1.3613876,-1.0154647,-0.3572488,1.3614301,-1.0154689,-0.3573267,1.3614301,-1.0154711,-0.3573409,1.3614372,-1.0154767,-0.3574118,1.3614655,-1.0154732,-0.3574047,1.3613876,-1.0154682,-0.3572771,1.3614301,-1.0154711,-0.3573551,1.361423,-1.0154732,-0.3573622,1.3614797,-1.0154746,-0.3574259,1.3614159,-1.015476,-0.3573834,1.3614797,-1.015476,-0.3574472,1.3614514,-1.015481,-0.3574685,1.3614655,-1.0154874,-0.3575323,1.3614797,-1.0154838,-0.3575181,1.3614797,-1.0154881,-0.3575677,1.3614726,-1.0154831,-0.3574968,1.3614655,-1.0154838,-0.357511,1.3614797,-1.0154902,-0.3575819,1.3614797,-1.0154959,-0.3576244,1.3614372,-1.0154966,-0.3575961,1.3614514,-1.0154959,-0.3576031,1.3614514,-1.0154944,-0.3575961,1.3614372,-1.0155001,-0.3576315,1.3614514,-1.0154987,-0.3576386,1.3614301,-1.0154987,-0.3576173,1.3614585,-1.0154944,-0.3576031,1.3614585,-1.0154944,-0.3576031,1.3614372,-1.0154937,-0.3575677,1.3614585,-1.0154902,-0.3575606,1.3614585,-1.0154916,-0.3575677,1.3614726,-1.0154937,-0.3576031,1.3614443,-1.0154944,-0.357589,1.3614655,-1.0154959,-0.3576173,1.3614443,-1.0154966,-0.3576031,1.3614655,-1.0154987,-0.3576457,1.3614655,-1.0155015,-0.3576669,1.361501,-1.0154987,-0.3576811,1.3614797,-1.0154987,-0.3576598,1.3614585,-1.015498,-0.3576386,1.361423,-1.0154994,-0.3575961,1.3614514,-1.0154966,-0.3576102,1.361423,-1.0154916,-0.3575323,1.3614443,-1.0154909,-0.3575464,1.3614585,-1.0154923,-0.3575819,1.3615293,-1.0154944,-0.357674,1.3614868,-1.0155015,-0.3576953,1.3614726,-1.0155001,-0.3576669,1.3614726,-1.0155001,-0.357674,1.3614443,-1.015498,-0.3576102,1.3614655,-1.0154944,-0.3576102,1.3615364,-1.0154966,-0.3577024,1.3615222,-1.015498,-0.3576953,1.3615081,-1.0154987,-0.3576882,1.3614868,-1.015498,-0.3576598,1.3614939,-1.0154937,-0.3576244,1.3614726,-1.015498,-0.3576457,1.3614443,-1.0154959,-0.3575961,1.3614372,-1.0155001,-0.3576315,1.3614655,-1.0154966,-0.3576244,1.3614797,-1.0154937,-0.3576102,1.3614655,-1.0154895,-0.3575606,1.3614301,-1.0154916,-0.3575464,1.3614443,-1.0154895,-0.3575323,1.361501,-1.0154874,-0.3575677,1.3614868,-1.0154916,-0.3576031,1.3615222,-1.0154959,-0.357674,1.3614514,-1.0154952,-0.357589,1.3614797,-1.0154895,-0.3575748,1.3614514,-1.0154923,-0.3575748,1.3615364,-1.0154952,-0.357674,1.3614585,-1.015498,-0.3576386,1.3614655,-1.0154937,-0.3575961,1.3614939,-1.0154944,-0.3576386,1.3614939,-1.0154937,-0.3576244,1.3614797,-1.0154895,-0.3575748,1.3614726,-1.0154916,-0.3575819,1.3614585,-1.0154959,-0.3576102,1.361501,-1.0154944,-0.3576386,1.3614726,-1.015498,-0.3576457,1.3614939,-1.0154944,-0.3576386,1.3615222,-1.0154966,-0.3576882,1.3614443,-1.0155015,-0.3576457,1.3614443,-1.0155022,-0.3576598,1.3614655,-1.0155015,-0.3576669,1.3615081,-1.0155022,-0.3577236,1.3614939,-1.0155058,-0.3577378,1.3614726,-1.0155058,-0.3577236,1.3614372,-1.0155044,-0.3576669,1.361501,-1.015498,-0.3576811,1.3615081,-1.0155058,-0.3577449,1.3614514,-1.0155072,-0.3577165,1.3614797,-1.0155072,-0.3577449,1.3614585,-1.0155065,-0.3577095,1.3614585,-1.0155022,-0.3576669,1.3614797,-1.0154987,-0.3576598,1.3614372,-1.0154987,-0.3576173,1.3614301,-1.0155001,-0.3576173,1.3614443,-1.015498,-0.3576173,1.3614655,-1.0154923,-0.3575819,1.3614655,-1.0154959,-0.3576173,1.3614726,-1.0154966,-0.3576315,1.3614514,-1.0154937,-0.3575819,1.3614797,-1.0154959,-0.3576386,1.3615293,-1.0154987,-0.3577095,1.3615152,-1.0155058,-0.3577662,1.361501,-1.015503,-0.3577236,1.3614939,-1.0155022,-0.3577024,1.3614585,-1.0155065,-0.3577095,1.3615293,-1.0155058,-0.3577662,1.3615081,-1.0155022,-0.3577236,1.3614797,-1.0155001,-0.357674,1.3615081,-1.015503,-0.3577307,1.3615364,-1.0154987,-0.3577165,1.3614868,-1.0155065,-0.3577378,1.361501,-1.015503,-0.3577236,1.3615577,-1.0155164,-0.3579079,1.3615435,-1.0155171,-0.3579008,1.3615293,-1.015515,-0.3578725,1.3614585,-1.015515,-0.3577945,1.3614797,-1.0155122,-0.3577874,1.3615293,-1.0155143,-0.3578583,1.3615152,-1.0155171,-0.3578725,1.3614868,-1.0155122,-0.3578016,1.3614514,-1.0155086,-0.3577236,1.3614585,-1.0155065,-0.3577095,1.3614585,-1.0155079,-0.3577236,1.3614585,-1.0155065,-0.3577095,1.3614585,-1.0155072,-0.3577236,1.3614797,-1.0155044,-0.3577095,1.3614726,-1.0155022,-0.3576882,1.3614655,-1.0155015,-0.3576669,1.3614939,-1.0154959,-0.3576457,1.361586,-1.0154966,-0.3577449,1.3614514,-1.0155022,-0.3576669,1.3614726,-1.0154987,-0.3576598,1.3614726,-1.0154987,-0.3576528,1.3615081,-1.015503,-0.3577378,1.3615293,-1.0155022,-0.3577449,1.3615506,-1.0155122,-0.3578583,1.3614726,-1.0155107,-0.3577732,1.361423,-1.0155107,-0.3577236,1.3615152,-1.0155058,-0.3577662,1.3614939,-1.0155058,-0.3577378,1.3614655,-1.0155022,-0.3576811,1.3614939,-1.015503,-0.3577236,1.3615222,-1.0155058,-0.3577662,1.3614655,-1.01551,-0.357752,1.3614159,-1.0155214,-0.3578158,1.3614585,-1.0155193,-0.35783,1.3614585,-1.0155143,-0.3577874,1.3614726,-1.0155107,-0.3577732,1.3615081,-1.01551,-0.3577945,1.3614939,-1.0155065,-0.3577449,1.3614868,-1.015503,-0.3577095,1.3615293,-1.0155065,-0.3577874,1.3614159,-1.0155207,-0.3578087,1.3614585,-1.0155086,-0.3577378,1.3614797,-1.0155122,-0.3577874,1.361423,-1.0155235,-0.3578512,1.3614159,-1.0155313,-0.3579008,1.3614585,-1.0155249,-0.3578937,1.3614301,-1.0155228,-0.357837,1.3614159,-1.0155164,-0.3577662,1.3614585,-1.0155171,-0.3578158,1.3614514,-1.0155193,-0.35783,1.361501,-1.015515,-0.357837,1.3615152,-1.0155122,-0.3578229,1.3615931,-1.0155129,-0.3579079,1.3616073,-1.0155207,-0.357993,1.3615577,-1.0155235,-0.3579788,1.3615931,-1.0155235,-0.3580142,1.3615293,-1.0155207,-0.3579221,1.3614939,-1.0155193,-0.3578654,1.361501,-1.0155185,-0.3578654,1.361579,-1.0155164,-0.3579292,1.3614939,-1.015515,-0.35783,1.3615222,-1.0155107,-0.3578158,1.361501,-1.0155086,-0.3577803,1.3614868,-1.0155058,-0.3577378,1.3615293,-1.0155065,-0.3577803,1.3615364,-1.0155079,-0.3578016,1.3615222,-1.01551,-0.3578087,1.3615222,-1.0155086,-0.3578016,1.3615506,-1.0155122,-0.3578654,1.3616073,-1.0155164,-0.3579504,1.3615931,-1.0155171,-0.3579504,1.3615506,-1.0155185,-0.3579221,1.3615152,-1.0155086,-0.3577945,1.3615222,-1.0155122,-0.3578229,1.3615364,-1.0155072,-0.3578087,1.3615719,-1.0155107,-0.3578654,1.3615364,-1.0155107,-0.35783,1.3616994,-1.0155207,-0.3580922,1.3615931,-1.0155207,-0.3579788,1.3616144,-1.0155214,-0.3580142,1.3616002,-1.0155207,-0.3579859,1.3616427,-1.0155193,-0.3580213,1.361586,-1.0155228,-0.3580001,1.3616002,-1.0155235,-0.3580284,1.3615648,-1.0155256,-0.3580001,1.3615435,-1.0155249,-0.3579788,1.3615577,-1.0155214,-0.3579575,1.3615648,-1.0155193,-0.3579363,1.3615719,-1.0155171,-0.3579292,1.3616286,-1.0155235,-0.3580426,1.3615719,-1.0155256,-0.3580142,1.361586,-1.0155256,-0.3580284,1.3615719,-1.0155214,-0.3579717,1.3615506,-1.0155228,-0.3579646,1.3615931,-1.0155193,-0.3579717,1.3615648,-1.0155193,-0.3579504,1.3615222,-1.0155235,-0.3579363,1.3615719,-1.0155249,-0.3580001,1.361579,-1.0155214,-0.3579788,1.3616215,-1.0155271,-0.3580709,1.3616286,-1.0155235,-0.3580426,1.3617207,-1.0155249,-0.358156,1.361664,-1.0155299,-0.3581418,1.3616569,-1.0155313,-0.3581489,1.3616427,-1.0155299,-0.3581276,1.3616427,-1.0155278,-0.3581064,1.3617278,-1.0155271,-0.3581843,1.3616286,-1.0155292,-0.3580993,1.3615293,-1.0155419,-0.3581347,1.3616357,-1.015532,-0.3581347,1.3616215,-1.0155313,-0.3581135,1.3616286,-1.0155249,-0.3580568,1.3616498,-1.0155292,-0.3581276,1.3616427,-1.0155299,-0.3581276,1.3616357,-1.0155278,-0.3581064,1.3616002,-1.015532,-0.3581064,1.3616427,-1.0155299,-0.3581206,1.3616498,-1.0155271,-0.3580993,1.3615931,-1.0155256,-0.3580355,1.3616144,-1.0155278,-0.3580709,1.3616286,-1.0155271,-0.3580851,1.3616498,-1.0155377,-0.3582056,1.3616782,-1.0155483,-0.3583332,1.3616924,-1.0155511,-0.3583828,1.3617136,-1.0155561,-0.3584395,1.3617136,-1.0155582,-0.3584608,1.3616782,-1.015554,-0.3583899,1.3616924,-1.0155597,-0.3584466,1.3616286,-1.0155582,-0.3583828,1.3616853,-1.0155561,-0.3584182,1.3616782,-1.015554,-0.3583899,1.3617065,-1.015554,-0.3584112,1.3617065,-1.0155554,-0.3584324,1.3616924,-1.0155526,-0.3583899,1.3616498,-1.0155511,-0.3583403,1.3617136,-1.015549,-0.3583686,1.3616782,-1.015549,-0.3583403,1.361742,-1.0155497,-0.3584112,1.3617136,-1.0155497,-0.3583828,1.3616144,-1.0155604,-0.3583828,1.3616498,-1.0155611,-0.3584324,1.3616853,-1.0155589,-0.3584395,1.3616498,-1.015554,-0.3583544,1.3616994,-1.0155582,-0.3584466,1.3616853,-1.015554,-0.3583899,1.3616427,-1.0155533,-0.3583403,1.3616853,-1.0155483,-0.3583403,1.3617207,-1.015549,-0.3583828,1.361742,-1.0155483,-0.358397,1.3617207,-1.0155582,-0.3584749,1.3617207,-1.0155625,-0.3585104,1.3617845,-1.0155653,-0.3586025,1.3617207,-1.0155689,-0.3585671,1.3617987,-1.0155738,-0.3586947,1.3617845,-1.0155738,-0.3586876,1.3617774,-1.0155767,-0.3587088,1.3618058,-1.0155802,-0.3587655,1.3617561,-1.0155845,-0.3587585,1.3617632,-1.0155795,-0.358723,1.3617845,-1.0155838,-0.3587868,1.3617845,-1.0155845,-0.3587939,1.3617774,-1.0155845,-0.3587726,1.3617632,-1.015583,-0.3587514,1.3617349,-1.0155816,-0.3587088,1.3617561,-1.0155845,-0.3587585,1.3617207,-1.0155866,-0.3587443,1.3616853,-1.0155781,-0.3586309,1.3617774,-1.0155795,-0.3587301,1.3617561,-1.0155795,-0.3587088,1.3617491,-1.0155781,-0.3586876,1.3617703,-1.0155781,-0.3587088,1.3617632,-1.015576,-0.3586805,1.3617349,-1.0155767,-0.3586663,1.3617561,-1.0155738,-0.3586592,1.3617703,-1.0155731,-0.3586663,1.3617703,-1.0155795,-0.358723,1.3618128,-1.0155887,-0.3588577,1.3617561,-1.015588,-0.3587939,1.3617916,-1.0155816,-0.3587726,1.361827,-1.0155866,-0.3588506,1.3617703,-1.0155845,-0.3587726,1.3617987,-1.0155894,-0.3588506,1.3618128,-1.0155937,-0.3589073,1.3618128,-1.0155965,-0.3589286,1.3617987,-1.0155944,-0.3589002,1.3618412,-1.015593,-0.3589215,1.3617987,-1.0155944,-0.3589002,1.3617845,-1.0155986,-0.3589215,1.3618128,-1.0155972,-0.3589356,1.3617774,-1.0156008,-0.3589286,1.3618199,-1.0156036,-0.3590136,1.3618128,-1.0156071,-0.3590349,1.3617774,-1.0156057,-0.3589924,1.3617987,-1.0156093,-0.3590349
2020-05-11.out.7,0.0,1.3617632,-1.0156036,-0.3589427,1.3618412,-1.0156029,-0.3590207,1.3618554,-1.015605,-0.3590561,1.3618341,-1.01561,-0.3590845,1.361827,-1.0156093,-0.3590703,1.3618199,-1.0156079,-0.3590561,1.3618058,-1.0156057,-0.3590136,1.361827,-1.0156036,-0.3590207,1.3618128,-1.0156036,-0.3589924,1.3618625,-1.0156057,-0.3590632,1.3619192,-1.015605,-0.3591128,1.3618908,-1.0156036,-0.3590774,1.361905,-1.0156071,-0.3591199,1.3618979,-1.0156071,-0.3591199,1.3618766,-1.0156071,-0.3590916,1.3618625,-1.01561,-0.3591128,1.3618412,-1.0156114,-0.3591058,1.3618696,-1.0156093,-0.3591058,1.361827,-1.0156121,-0.3590987,1.3618625,-1.0156079,-0.3590916,1.3618908,-1.0156079,-0.3591199,1.3618341,-1.015605,-0.3590278,1.3618412,-1.0156008,-0.3589924,1.3618979,-1.0156079,-0.359127,1.3619546,-1.0156093,-0.3591908,1.3619333,-1.0156121,-0.359205,1.3619617,-1.0156192,-0.35929,1.3619546,-1.015622,-0.3593184,1.3619121,-1.015622,-0.3592759,1.3618625,-1.0156192,-0.3591908,1.3619546,-1.015622,-0.3593184,1.3619333,-1.0156242,-0.3593184,1.3619475,-1.0156234,-0.3593113,1.3618979,-1.0156199,-0.3592333,1.361905,-1.0156213,-0.3592546,1.3619404,-1.015622,-0.3593042,1.3619475,-1.0156256,-0.3593397,1.3619546,-1.0156263,-0.3593538,1.36199,-1.0156362,-0.3594885,1.361983,-1.015639,-0.3595098,1.36199,-1.0156362,-0.3594814,1.3619688,-1.0156383,-0.3594885,1.3619971,-1.0156341,-0.3594743,1.3620113,-1.0156419,-0.3595594,1.3619688,-1.0156405,-0.3595027,1.361983,-1.0156405,-0.3595168,1.361983,-1.0156383,-0.3595027,1.3619688,-1.0156369,-0.3594672,1.3619971,-1.0156348,-0.3594814,1.36199,-1.0156369,-0.3594956,1.3620184,-1.0156405,-0.3595523,1.361983,-1.0156433,-0.3595523,1.3620042,-1.0156362,-0.3594956,1.3619971,-1.0156341,-0.3594743,1.362068,-1.0156383,-0.3595806,1.3620042,-1.015639,-0.3595239,1.3620397,-1.0156327,-0.3595027,1.361983,-1.0156327,-0.359446,1.36199,-1.0156362,-0.3594885,1.3619333,-1.0156433,-0.3595027,1.36199,-1.0156405,-0.3595239,1.36199,-1.0156412,-0.359531,1.3619688,-1.0156412,-0.3595168,1.3619688,-1.0156475,-0.3595735,1.3620397,-1.0156397,-0.3595665,1.3620113,-1.0156504,-0.3596444,1.3619688,-1.0156532,-0.3596232,1.3619688,-1.0156511,-0.359609,1.3620042,-1.0156532,-0.3596657,1.36199,-1.0156575,-0.359694,1.3620397,-1.0156589,-0.3597507,1.3619617,-1.0156596,-0.359687,1.3619759,-1.0156596,-0.359694,1.3620255,-1.0156575,-0.3597224,1.36199,-1.0156553,-0.3596657,1.3619971,-1.015656,-0.359687,1.3619759,-1.0156539,-0.3596444,1.3620042,-1.0156511,-0.3596444,1.3619688,-1.015656,-0.3596586,1.3619971,-1.0156553,-0.3596799,1.361983,-1.0156575,-0.3596799,1.3619688,-1.0156518,-0.3596161,1.3619546,-1.0156497,-0.3595806,1.36199,-1.0156454,-0.3595806,1.3619971,-1.015649,-0.3596161,1.3620042,-1.015649,-0.3596161,1.36199,-1.015649,-0.359609,1.3619688,-1.0156511,-0.359609,1.36199,-1.0156497,-0.3596161,1.36199,-1.0156454,-0.3595806,1.3620326,-1.0156468,-0.3596303,1.3620184,-1.015649,-0.3596373,1.3620397,-1.0156518,-0.359687,1.3620113,-1.0156518,-0.3596657,1.3620326,-1.015649,-0.3596515,1.3620113,-1.0156511,-0.3596444,1.3620113,-1.0156511,-0.3596515,1.36199,-1.0156539,-0.3596586,1.3619971,-1.0156532,-0.3596657,1.3620113,-1.0156511,-0.3596515,1.3619971,-1.0156539,-0.3596586,1.3620042,-1.0156532,-0.3596586,1.3620113,-1.0156497,-0.3596444,1.3620042,-1.0156475,-0.3596161,1.3619617,-1.015649,-0.3595806,1.3619971,-1.0156468,-0.3595948,1.3620467,-1.0156468,-0.3596444,1.3620184,-1.0156504,-0.3596515,1.3620184,-1.0156504,-0.3596515,1.3620255,-1.0156511,-0.3596657,1.3620042,-1.0156553,-0.359687,1.3620042,-1.0156511,-0.3596444,1.3620113,-1.015649,-0.3596303,1.3619971,-1.0156511,-0.3596373,1.3619971,-1.0156475,-0.359609,1.361983,-1.0156447,-0.3595594,1.3619759,-1.0156433,-0.3595452,1.3620113,-1.0156419,-0.3595594,1.3620113,-1.0156397,-0.3595381,1.3620255,-1.0156369,-0.359531,1.3619971,-1.0156362,-0.3594956,1.3620113,-1.0156362,-0.3595098,1.3620397,-1.0156348,-0.359531,1.3620326,-1.0156383,-0.3595452,1.3620113,-1.0156383,-0.3595239,1.3620184,-1.015639,-0.3595452,1.3620609,-1.0156383,-0.3595735,1.3620326,-1.0156405,-0.3595665,1.3620184,-1.0156426,-0.3595735,1.3620113,-1.015639,-0.3595381,1.362068,-1.0156405,-0.3596019,1.3620467,-1.0156426,-0.359609,1.362068,-1.0156454,-0.3596515,1.3620609,-1.0156454,-0.3596444,1.3620609,-1.0156447,-0.3596373,1.3620113,-1.0156433,-0.3595806,1.3620255,-1.015644,-0.3595948,1.3620397,-1.0156426,-0.3595948,1.3620467,-1.0156454,-0.3596303,1.3620255,-1.0156447,-0.3596019,1.3620184,-1.0156426,-0.3595735,1.3620397,-1.0156433,-0.3596019,1.3620467,-1.0156426,-0.3596019,1.362068,-1.0156426,-0.3596161,1.3620326,-1.0156433,-0.3596019,1.3620822,-1.0156412,-0.3596232,1.3620893,-1.015639,-0.359609,1.3620751,-1.0156383,-0.3595877,1.362068,-1.0156397,-0.3596019,1.3620538,-1.0156383,-0.3595735,1.3620822,-1.0156405,-0.3596161,1.3620609,-1.0156405,-0.3595948,1.3620184,-1.0156405,-0.3595452,1.3620326,-1.0156369,-0.3595381,1.3620964,-1.0156405,-0.3596373,1.3620822,-1.0156468,-0.3596799,1.362068,-1.0156454,-0.3596515,1.3621176,-1.0156426,-0.3596799,1.3620609,-1.0156412,-0.359609,1.3620893,-1.0156454,-0.3596799,1.3621034,-1.0156475,-0.3597153,1.3621034,-1.0156475,-0.3597082,1.3620609,-1.0156511,-0.3597011,1.3620751,-1.0156497,-0.3597011,1.3620538,-1.0156511,-0.359687,1.3620822,-1.0156461,-0.3596657,1.362068,-1.0156461,-0.3596515,1.3621034,-1.0156412,-0.3596444,1.3620822,-1.0156468,-0.3596799,1.3620751,-1.0156475,-0.3596728,1.3620538,-1.0156511,-0.359694,1.3620822,-1.0156433,-0.3596444,1.3620751,-1.0156426,-0.3596303,1.3620538,-1.0156447,-0.3596303,1.3620822,-1.0156468,-0.3596799,1.3620609,-1.0156468,-0.3596586,1.3620893,-1.0156454,-0.3596728,1.3620822,-1.0156405,-0.3596161,1.3620609,-1.0156468,-0.3596515,1.3620751,-1.015649,-0.359687,1.3620609,-1.015649,-0.3596799,1.3620964,-1.0156454,-0.3596799,1.3620397,-1.0156483,-0.3596515,1.3620326,-1.015649,-0.3596515,1.3620467,-1.0156518,-0.3597011,1.3620964,-1.0156518,-0.3597366,1.3620822,-1.015649,-0.359694,1.362068,-1.015649,-0.359687,1.3620538,-1.0156468,-0.3596515,1.3620822,-1.015649,-0.3597011,1.3620964,-1.0156468,-0.359694,1.362068,-1.0156475,-0.3596728,1.3620538,-1.015649,-0.3596728,1.362068,-1.0156497,-0.359694,1.3620893,-1.0156511,-0.3597224,1.3620751,-1.015649,-0.359694,1.3620822,-1.0156497,-0.3597082,1.3620893,-1.015649,-0.3597011,1.3620255,-1.0156511,-0.3596586,1.3620751,-1.0156497,-0.3597011,1.3620255,-1.0156568,-0.3597153,1.3620609,-1.0156575,-0.3597578,1.3620751,-1.0156553,-0.3597578,1.3620609,-1.0156546,-0.3597295,1.3620538,-1.0156525,-0.3597082,1.3620964,-1.0156589,-0.3598004,1.3620751,-1.0156596,-0.3597862,1.3620397,-1.0156553,-0.3597224,1.3620397,-1.0156553,-0.3597224,1.3620751,-1.0156532,-0.3597366,1.3621105,-1.0156539,-0.359772,1.3620964,-1.0156518,-0.3597437,1.3620822,-1.0156553,-0.3597649,1.3620893,-1.0156596,-0.3598074,1.3620893,-1.0156596,-0.3598074,1.3620609,-1.0156539,-0.3597295,1.3620538,-1.015649,-0.3596728,1.3620751,-1.0156532,-0.3597366,1.3621034,-1.0156589,-0.3598145,1.3621247,-1.0156596,-0.3598429,1.362068,-1.0156568,-0.3597649,1.3620538,-1.015656,-0.3597437,1.3620893,-1.015656,-0.359772,1.3620964,-1.0156553,-0.359772,1.3620751,-1.0156497,-0.3597011,1.3620751,-1.0156454,-0.3596657,1.362068,-1.0156447,-0.3596444,1.3621034,-1.0156497,-0.3597295,1.3621176,-1.015649,-0.3597295,1.3620822,-1.0156511,-0.3597224,1.3621247,-1.0156518,-0.359772,1.3620822,-1.0156511,-0.3597224,1.3621318,-1.015649,-0.3597507,1.3621034,-1.0156539,-0.359772,1.3620893,-1.0156518,-0.3597366,1.3620893,-1.0156504,-0.3597224,1.3620751,-1.0156504,-0.359694,1.3620822,-1.0156483,-0.359694,1.3620538,-1.0156483,-0.3596657,1.3620822,-1.0156468,-0.3596799,1.3620893,-1.015644,-0.3596586,1.3620964,-1.015649,-0.3597153,1.3620326,-1.0156483,-0.3596373,1.3620964,-1.0156454,-0.3596799,1.3620751,-1.0156504,-0.3597082,1.3620964,-1.0156475,-0.3597011,1.3621389,-1.015649,-0.3597649,1.3621105,-1.0156532,-0.359772,1.3621105,-1.0156553,-0.3597862,1.362146,-1.0156575,-0.35985,1.3621318,-1.015661,-0.3598641,1.3621318,-1.0156617,-0.3598712,1.3621105,-1.0156646,-0.3598854,1.3620964,-1.0156646,-0.3598641,1.362146,-1.0156638,-0.3599067,1.3621247,-1.015661,-0.3598571,1.3620893,-1.0156596,-0.3598074,1.362068,-1.0156653,-0.3598429,1.362146,-1.0156617,-0.3598925,1.362146,-1.0156603,-0.3598783,1.3621105,-1.0156596,-0.3598287,1.3621034,-1.0156568,-0.3597933,1.3621602,-1.015661,-0.3598925,1.3621389,-1.0156575,-0.3598358,1.3621176,-1.0156575,-0.3598145,1.3621389,-1.0156617,-0.3598854,1.3621318,-1.0156617,-0.3598712,1.3621247,-1.0156617,-0.3598641,1.3621034,-1.0156575,-0.3598074,1.3620751,-1.0156553,-0.3597507,1.3620751,-1.0156539,-0.3597437,1.3621247,-1.0156532,-0.3597791,1.3621176,-1.0156553,-0.3597933,1.3621105,-1.015661,-0.3598429,1.3621176,-1.0156589,-0.3598287,1.3620822,-1.0156553,-0.3597649,1.3621247,-1.015656,-0.3598145,1.3621318,-1.015656,-0.3598216,1.3621034,-1.0156589,-0.3598216,1.3621176,-1.0156596,-0.3598429,1.3621176,-1.0156568,-0.3598074,1.3621176,-1.0156568,-0.3598074,1.3621034,-1.0156553,-0.3597791,1.3621034,-1.0156553,-0.3597933,1.3621034,-1.015656,-0.3597933,1.3620964,-1.0156553,-0.359772,1.3620822,-1.0156532,-0.3597437,1.3621034,-1.0156511,-0.3597437,1.3620964,-1.0156518,-0.3597437,1.3620822,-1.0156511,-0.3597224,1.3621034,-1.015649,-0.3597224,1.3621105,-1.0156511,-0.3597437,1.3621247,-1.0156575,-0.3598287,1.3621318,-1.0156539,-0.3598074,1.3621247,-1.0156539,-0.3597933,1.3621176,-1.0156553,-0.3597933,1.3621176,-1.0156553,-0.3597933,1.3621247,-1.0156532,-0.3597862,1.3621318,-1.0156518,-0.3597862,1.3621105,-1.0156532,-0.359772,1.3620397,-1.0156475,-0.3596444,1.3620822,-1.0156433,-0.3596515,1.3620609,-1.0156412,-0.359609,1.3620467,-1.0156447,-0.3596232,1.3620255,-1.0156603,-0.3597507,1.3621814,-1.0156539,-0.35985,1.3621743,-1.0156603,-0.3598996,1.3621743,-1.0156624,-0.3599279,1.3621531,-1.015661,-0.3598854,1.3621672,-1.0156589,-0.3598783,1.3621389,-1.0156631,-0.3598925,1.3621672,-1.0156596,-0.3598925,1.3621743,-1.0156695,-0.3599917,1.362146,-1.0156731,-0.3599846,1.3621531,-1.0156724,-0.3599988,1.3621318,-1.0156702,-0.3599492,1.3621389,-1.0156695,-0.3599563,1.362146,-1.015666,-0.3599209,1.3621247,-1.0156667,-0.3599209,1.3621743,-1.0156674,-0.3599705,1.3621602,-1.0156674,-0.3599563,1.3621743,-1.0156681,-0.3599776,1.3621531,-1.0156667,-0.3599421,1.3621176,-1.015666,-0.3598996,1.3621247,-1.0156653,-0.3598996,1.3620538,-1.0156759,-0.359935,1.362068,-1.0156759,-0.359935,1.3621389,-1.0156681,-0.3599421,1.3621743,-1.0156695,-0.3599846,1.3621602,-1.0156716,-0.3599917,1.3621389,-1.0156724,-0.3599776,1.362146,-1.0156702,-0.3599776,1.3621743,-1.0156681,-0.3599776,1.3621389,-1.0156695,-0.3599492,1.3621531,-1.0156681,-0.3599563,1.3621602,-1.0156674,-0.3599563,1.3621672,-1.0156624,-0.3599138,1.3621318,-1.0156681,-0.359935,1.3621318,-1.0156745,-0.3599988,1.3621956,-1.0156702,-0.3600201,1.3622239,-1.0156759,-0.360091,1.3621814,-1.0156787,-0.3600839,1.3621956,-1.015678,-0.360091,1.3622098,-1.015678,-0.3601051,1.3622027,-1.015678,-0.360091,1.3621885,-1.0156731,-0.3600413,1.3621602,-1.0156724,-0.3600059,1.3622027,-1.0156716,-0.3600272,1.3621814,-1.0156695,-0.3599988,1.3621885,-1.0156709,-0.3600201,1.3621531,-1.0156738,-0.3600059,1.3621956,-1.0156716,-0.3600272,1.3622098,-1.0156745,-0.3600697,1.3621814,-1.0156759,-0.3600555,1.3622381,-1.0156759,-0.3601122,1.3622239,-1.015678,-0.3601193,1.3622098,-1.0156745,-0.3600697,1.3621814,-1.0156724,-0.3600272,1.3621956,-1.0156702,-0.360013,1.3622098,-1.0156681,-0.3600059,1.3622169,-1.0156681,-0.3600272,1.3622594,-1.0156759,-0.3601406,1.3622594,-1.0156766,-0.3601477,1.3622523,-1.0156731,-0.3601051,1.3621956,-1.0156716,-0.3600272,1.3622169,-1.0156667,-0.360013,1.3621743,-1.0156709,-0.3599988,1.3621247,-1.0156865,-0.3601051,1.3621956,-1.0156801,-0.3601122,1.3622452,-1.0156809,-0.360176,1.3622239,-1.0156801,-0.3601406,1.3622098,-1.0156801,-0.3601193,1.3622381,-1.0156816,-0.3601689,1.3622027,-1.0156823,-0.3601406,1.3622381,-1.0156809,-0.3601618,1.3622523,-1.0156801,-0.3601689,1.3622452,-1.015678,-0.3601406,1.3622239,-1.0156809,-0.3601477,1.3622098,-1.0156794,-0.3601193,1.3622027,-1.0156801,-0.3601122,1.3622169,-1.0156801,-0.3601264,1.3622169,-1.0156787,-0.3601122,1.3622452,-1.0156766,-0.3601264,1.3622239,-1.015678,-0.3601264,1.3622594,-1.0156794,-0.3601689,1.362231,-1.0156823,-0.3601689,1.3622381,-1.0156823,-0.3601689,1.3622169,-1.015678,-0.3601051,1.3622381,-1.0156759,-0.3601051,1.3622239,-1.015678,-0.3601193,1.3622169,-1.0156773,-0.3601051,1.3622169,-1.0156773,-0.3601051,1.3622239,-1.0156766,-0.3601051,1.3622239,-1.0156759,-0.360098,1.3622452,-1.0156745,-0.3601051,1.3622523,-1.015678,-0.3601477,1.3622381,-1.0156787,-0.3601406,1.3622452,-1.015678,-0.3601335,1.3622594,-1.0156759,-0.3601335,1.3622594,-1.0156738,-0.3601193,1.3622736,-1.0156801,-0.3601902,1.3622381,-1.0156759,-0.3601122,1.3622665,-1.0156738,-0.3601193,1.3622381,-1.0156752,-0.3601051,1.362231,-1.0156695,-0.3600413,1.3621814,-1.0156709,-0.3600059,1.3622665,-1.0156702,-0.3600839,1.3622381,-1.015666,-0.3600272,1.3622665,-1.0156695,-0.3600839,1.3623444,-1.0156716,-0.360176,1.3623303,-1.015678,-0.3602327,1.3622806,-1.015678,-0.3601831,1.3622877,-1.0156787,-0.3601902,1.362309,-1.0156894,-0.3603178,1.3622239,-1.0156972,-0.3603036,1.3622806,-1.0156929,-0.3603249,1.3622806,-1.0156915,-0.3603107,1.362309,-1.0156894,-0.3603107,1.3622806,-1.0156872,-0.3602682,1.3622806,-1.0156865,-0.360254,1.3622736,-1.0156872,-0.3602611,1.3622948,-1.0156929,-0.3603319,1.3622523,-1.0156936,-0.3603036,1.3622736,-1.0156894,-0.3602823,1.3623019,-1.0156887,-0.3602965,1.3622806,-1.0156872,-0.3602682,1.3622098,-1.0157021,-0.3603319,1.3622948,-1.0156872,-0.3602894,1.3623019,-1.0156929,-0.3603461,1.3623515,-1.0156936,-0.3603957,1.362309,-1.0156957,-0.3603745,1.3623019,-1.0156936,-0.3603461,1.3623019,-1.0156915,-0.3603319,1.3622948,-1.0156936,-0.360339,1.3622806,-1.0156929,-0.3603249,1.3623161,-1.0156936,-0.3603603,1.3622948,-1.0156943,-0.3603532,1.3622877,-1.0156993,-0.3603886,1.3623019,-1.0156979,-0.3603957,1.3622948,-1.0156972,-0.3603745,1.3622594,-1.0156943,-0.3603107,1.3622806,-1.015695,-0.360339,1.3622948,-1.0156936,-0.360339,1.3622948,-1.0156936,-0.360339,1.3623232,-1.0156915,-0.3603461,1.3622877,-1.0156964,-0.3603603,1.3622665,-1.0156964,-0.360339,1.3622877,-1.0156957,-0.3603532,1.3623232,-1.0156936,-0.3603674,1.362309,-1.0156957,-0.3603745,1.3622948,-1.0156957,-0.3603532,1.3622665,-1.0156957,-0.3603249,1.362309,-1.0156964,-0.3603886,1.3623303,-1.0156986,-0.3604241,1.3623019,-1.0156979,-0.3603886,1.3623019,-1.0156979,-0.3603886,1.3623161,-1.0156936,-0.3603603,1.3622452,-1.0156929,-0.3602894,1.3622736,-1.0156887,-0.3602823,1.3622665,-1.0156872,-0.360254,1.3622523,-1.0156908,-0.3602682,1.3622877,-1.0156908,-0.3603107,1.362309,-1.0156872,-0.3602965,1.362309,-1.0156844,-0.3602682,1.3622948,-1.0156809,-0.3602256,1.3623232,-1.0156787,-0.3602327,1.3622877,-1.0156823,-0.3602327,1.362309,-1.0156922,-0.3603461,1.3623444,-1.0156887,-0.360339,1.3623161,-1.0156901,-0.3603249,1.362309,-1.0156957,-0.3603816,1.3622948,-1.0156936,-0.360339,1.3623444,-1.0156936,-0.3603886,1.3623232,-1.0156979,-0.3604099,1.3622594,-1.0156957,-0.3603249,1.3623303,-1.0156957,-0.3603886,1.3623444,-1.0156972,-0.3604241,1.3623303,-1.0157021,-0.3604595,1.3622948,-1.0156979,-0.3603886,1.3623657,-1.0157035,-0.3605021,1.3623303,-1.0157042,-0.3604808,1.3623303,-1.0157014,-0.3604453,1.3623444,-1.0157014,-0.3604595,1.3623657,-1.0156993,-0.3604666,1.3623161,-1.0157014,-0.3604383,1.3623161,-1.0157035,-0.3604524,1.3622948,-1.0157,-0.3604028,1.3623444,-1.0156964,-0.3604241,1.3623373,-1.0156972,-0.360417,1.3623232,-1.0156957,-0.3603886,1.3623657,-1.0156936,-0.3604099,1.3623728,-1.0156929,-0.3604099,1.3623657,-1.0156915,-0.3603957,1.3623728,-1.0156915,-0.3603957,1.3623586,-1.0156915,-0.3603816,1.3623444,-1.0156922,-0.3603816,1.3623515,-1.0157014,-0.3604666,1.3623728,-1.0157,-0.3604808,1.3623799,-1.0157021,-0.3605091,1.3623586,-1.0157021,-0.3604879,1.362309,-1.0157,-0.360417,1.3623728,-1.0157,-0.3604808,1.3623728,-1.0157021,-0.3605091,1.3623515,-1.0157035,-0.360495,1.3623799,-1.0157035,-0.3605233,1.3624224,-1.015705,-0.3605871,1.3624082,-1.0157085,-0.3606013,1.362387,-1.0157042,-0.3605375,1.3623799,-1.0157021,-0.3605091,1.3623657,-1.0157007,-0.3604879,1.3623799,-1.0156979,-0.3604595,1.3623586,-1.0157,-0.3604666,1.3623799,-1.0157021,-0.3605091,1.362394,-1.0157007,-0.3605091,1.3624082,-1.0156979,-0.3604879,1.3624224,-1.0156957,-0.3604879,1.3625004,-1.0157042,-0.3606509,1.3624153,-1.0157071,-0.3605942,1.3624791,-1.0157163,-0.360743,1.3624791,-1.0157163,-0.3607359,1.3624224,-1.0157191,-0.3607147,1.3623586,-1.0157234,-0.3606934,1.3624295,-1.0157213,-0.360743,1.362472,-1.015717,-0.3607501,1.3624649,-1.0157191,-0.3607643,1.3624224,-1.0157205,-0.3607218,1.3624224,-1.0157205,-0.3607289,1.3624508,-1.0157312,-0.3608564,1.3624295,-1.0157255,-0.3607856,1.3624649,-1.0157213,-0.3607856,1.3624082,-1.0157248,-0.3607572,1.3624153,-1.0157213,-0.3607289,1.3624649,-1.0157205,-0.3607643,1.3624082,-1.0157255,-0.3607643,1.362472,-1.0157262,-0.360821,1.3624366,-1.0157255,-0.3607927,1.362387,-1.0157347,-0.360821,1.3624295,-1.0157276,-0.3608068,1.362387,-1.0157269,-0.3607501,1.3624578,-1.0157291,-0.3608352,1.3624437,-1.0157305,-0.3608423,1.362387,-1.0157298,-0.3607785,1.362394,-1.0157291,-0.3607785,1.3624082,-1.0157298,-0.3607997,1.3624508,-1.0157312,-0.3608494,1.3624437,-1.0157354,-0.3608919,1.3624649,-1.0157354,-0.3609131,1.3624437,-1.0157319,-0.3608494,1.3624153,-1.0157326,-0.3608281,1.3623373,-1.0157397,-0.360821,1.3624508,-1.0157269,-0.3608068,1.3624578,-1.0157248,-0.3607997,1.3624649,-1.0157291,-0.3608494,1.3624508,-1.0157255,-0.3608068,1.3624649,-1.0157291,-0.3608564,1.3624791,-1.0157319,-0.3608919,1.3624791,-1.0157333,-0.360899,1.3624933,-1.0157312,-0.360899,1.362472,-1.0157305,-0.3608706,1.3624437,-1.0157269,-0.3608139,1.3624649,-1.0157234,-0.3607997,1.3624791,-1.0157227,-0.3607997,1.3624366,-1.0157205,-0.360743,1.3624649,-1.0157213,-0.3607785,1.3624862,-1.0157213,-0.3607997,1.3624862,-1.0157184,-0.3607714,1.3624508,-1.0157128,-0.3606792,1.3625145,-1.0157184,-0.3607997,1.3624791,-1.0157213,-0.3607927,1.3624649,-1.0157262,-0.360821,1.3624862,-1.0157312,-0.360899,1.3624933,-1.0157333,-0.3609202,1.3625145,-1.0157305,-0.3609061,1.3625004,-1.0157283,-0.3608777,1.3624508,-1.0157269,-0.360821,1.3625075,-1.0157305,-0.3609061,1.3625216,-1.015739,-0.3609982,1.3625216,-1.0157397,-0.3610053,1.3625145,-1.0157454,-0.3610478,1.3625925,-1.0157454,-0.3611329,1.3625429,-1.0157439,-0.3610691,1.3624224,-1.0157524,-0.3610336,1.3625075,-1.0157482,-0.3610762,1.3625004,-1.0157503,-0.3610833,1.3625429,-1.0157517,-0.361147,1.3625358,-1.0157539,-0.3611612,1.3625642,-1.0157503,-0.361147,1.3625571,-1.0157524,-0.3611612,1.36255,-1.0157524,-0.3611612,1.3624933,-1.0157539,-0.3611116,1.3625287,-1.0157503,-0.3611187,1.3625571,-1.0157517,-0.3611612,1.36255,-1.0157496,-0.3611329,1.36255,-1.0157496,-0.3611258,1.3625571,-1.0157475,-0.3611116,1.3625712,-1.0157482,-0.3611329,1.3625429,-1.0157482,-0.3611116,1.3625429,-1.0157482,-0.3611116,1.3625571,-1.0157517,-0.3611541,1.3625429,-1.0157517,-0.361147,1.3625216,-1.0157503,-0.3611116,1.3625287,-1.0157475,-0.3610833,1.3625925,-1.0157461,-0.36114,1.3625712,-1.0157503,-0.3611612,1.3625571,-1.0157482,-0.3611258,1.3626067,-1.0157496,-0.3611896,1.3626563,-1.0157539,-0.3612746,1.3625712,-1.0157624,-0.3612746,1.3626421,-1.0157546,-0.3612746,1.3625996,-1.0157631,-0.3613101,1.3626279,-1.0157631,-0.3613384,1.3626846,-1.0157567,-0.3613384,1.3626138,-1.0157546,-0.3612463,1.3626067,-1.0157546,-0.3612392,1.3625783,-1.0157567,-0.361225,1.3626421,-1.0157687,-0.3614022,1.3626563,-1.0157709,-0.3614376,1.3625854,-1.0157709,-0.3613668,1.3626209,-1.0157716,-0.3614093,1.3626563,-1.0157652,-0.361388,1.3626563,-1.0157702,-0.3614376,1.3626705,-1.0157772,-0.3615156,1.3626634,-1.015773,-0.3614731,1.3625854,-1.0157751,-0.3614093,1.3626421,-1.0157737,-0.3614589,1.3626917,-1.0157758,-0.3615298,1.3626634,-1.0157787,-0.3615227,1.3626846,-1.0157751,-0.3615085,1.3625712,-1.0157808,-0.3614518,1.3626776,-1.0157794,-0.361544,1.3626279,-1.0157808,-0.3615014,1.3626563,-1.0157879,-0.3616077,1.3626776,-1.01579,-0.3616432,1.3626988,-1.0157872,-0.3616361,1.3626634,-1.01579,-0.3616361,1.3626492,-1.01579,-0.3616148,1.3626634,-1.0157893,-0.3616219,1.362635,-1.0157914,-0.3616148,1.3626634,-1.0157907,-0.361629,1.362635,-1.0157928,-0.3616219,1.3626563,-1.0157907,-0.361629,1.3626492,-1.0157907,-0.3616148,1.3626776,-1.01579,-0.3616432,1.3626492,-1.0157907,-0.3616219,1.362635,-1.0157879,-0.3615865,1.3626776,-1.0157886,-0.3616219,1.3626421,-1.0157907,-0.3616148,1.3626776,-1.0157914,-0.3616645,1.3626421,-1.0157921,-0.361629,1.3626209,-1.01579,-0.3615865,1.3626279,-1.0157914,-0.3616077,1.3626421,-1.01579,-0.3616077,1.3626917,-1.01579,-0.3616574,1.3626421,-1.0157964,-0.3616715,1.3626634,-1.0157985,-0.361707,1.3626846,-1.0157957,-0.3616999,1.3626705,-1.0157943,-0.3616786,1.3626776,-1.0157936,-0.3616715,1.3627059,-1.0157971,-0.3617424,1.3626563,-1.0158006,-0.3617282,1.3626634,-1.0158013,-0.3617353,1.3626846,-1.0157957,-0.3617141,1.3626776,-1.0157964,-0.3617141,1.3626563,-1.0157957,-0.3616715,1.3626209,-1.0157978,-0.3616645,1.3626492,-1.0157957,-0.3616715,1.3626563,-1.0157957,-0.3616715,1.362635,-1.0157943,-0.3616432,1.3626492,-1.0157943,-0.3616645,1.3626138,-1.0158035,-0.361707,1.3626705,-1.0157971,-0.3616999,1.3626776,-1.0157964,-0.361707,1.3626138,-1.0157999,-0.3616715,1.3627059,-1.0157957,-0.3617212,1.362635,-1.0158049,-0.3617424,1.3626776,-1.0158056,-0.361792,1.3626492,-1.0158035,-0.3617424,1.3626846,-1.0158028,-0.3617779,1.3626421,-1.0158028,-0.3617282,1.3626279,-1.0158042,-0.3617282,1.3626138,-1.0158099,-0.3617708,1.3626705,-1.0158035,-0.3617637,1.3626776,-1.0158013,-0.3617495,1.3626421,-1.0158021,-0.3617282,1.3626492,-1.0158013,-0.3617282,1.3626563,-1.0157992,-0.361707,1.3626421,-1.0157978,-0.3616786,1.3626705,-1.0157957,-0.3616928,1.3626705,-1.015795,-0.3616928,1.362635,-1.0157978,-0.3616786,1.3626279,-1.0157964,-0.3616574,1.3626705,-1.0157957,-0.3616857,1.3626563,-1.0157957,-0.3616786,1.3627059,-1.0157971,-0.3617353,1.3626634,-1.0157978,-0.361707,1.362635,-1.0157985,-0.3616857,1.3626776,-1.0157978,-0.3617141,1.3626846,-1.0157999,-0.3617424,1.362713,-1.0157992,-0.3617637,1.3626776,-1.0157999,-0.3617424,1.3626846,-1.0157999,-0.3617424,1.3626917,-1.0157978,-0.3617282,1.3627059,-1.0157985,-0.3617566,1.3627272,-1.0157999,-0.361792,1.3627201,-1.0158021,-0.3617991,1.3626776,-1.0158049,-0.361792,1.3626917,-1.0158021,-0.3617708,1.3626705,-1.0158021,-0.3617495,1.3626846,-1.0158021,-0.3617637,1.362713,-1.0158006,-0.3617779,1.3627414,-1.0158021,-0.3618204,1.362713,-1.0158127,-0.3618913,1.3627484,-1.0158106,-0.3619196,1.3627201,-1.0158169,-0.3619338,1.3626988,-1.0158134,-0.3618913,1.3626988,-1.015812,-0.3618771,1.3626917,-1.015812,-0.36187,1.3626988,-1.0158106,-0.36187,1.362713,-1.0158091,-0.36187,1.3626705,-1.0158113,-0.3618416,1.3627059,-1.0158084,-0.3618416,1.3627059,-1.0158063,-0.3618275,1.3627484,-1.0158049,-0.3618558,1.3627201,-1.0158042,-0.3618204,1.3627343,-1.0158049,-0.3618416,1.3627343,-1.0158021,-0.3618133,1.3626421,-1.0158063,-0.3617637,1.3627272,-1.0158028,-0.3618204,1.3627201,-1.0158035,-0.3618204,1.3627201,-1.0158028,-0.3618133,1.3627343,-1.0158028,-0.3618275,1.3627343,-1.0158028,-0.3618204,1.3627626,-1.0158091,-0.3619125,1.3627555,-1.0158084,-0.3618913,1.3627343,-1.0158063,-0.3618629,1.3627343,-1.0158127,-0.3619125,1.3627697,-1.0158134,-0.3619621,1.3627626,-1.0158113,-0.3619338,1.3627697,-1.0158106,-0.3619338,1.3627626,-1.0158099,-0.3619196,1.3627626,-1.0158113,-0.3619409,1.3627555,-1.0158148,-0.3619621,1.3627626,-1.0158127,-0.361948,1.3627697,-1.0158127,-0.3619551,1.3627768,-1.0158141,-0.3619692,1.3627484,-1.0158127,-0.3619267,1.362713,-1.0158177,-0.361948,1.3627343,-1.0158162,-0.361948,1.3627626,-1.0158162,-0.3619834,1.3627201,-1.0158169,-0.361948,1.3627484,-1.0158127,-0.3619267,1.3627484,-1.0158127,-0.3619267,1.3627484,-1.0158084,-0.3618913,1.3627201,-1.0158077,-0.3618558,1.3627414,-1.0158106,-0.3618983,1.3627697,-1.0158169,-0.3619905,1.3627626,-1.0158184,-0.3619976,1.3627414,-1.0158198,-0.3619976,1.3627768,-1.0158177,-0.3620118,1.3627555,-1.0158191,-0.3619976,1.3627484,-1.0158162,-0.3619692,1.3627697,-1.0158148,-0.3619692,1.3627484,-1.0158141,-0.361948,1.3627697,-1.0158148,-0.3619692,1.3627626,-1.0158177,-0.3619976,1.3627343,-1.0158148,-0.3619338,1.3627414,-1.0158141,-0.3619409,1.362713,-1.0158169,-0.3619409
2020-05-11.out.8,0.0,1.3627768,-1.0158162,-0.3619976,1.3628051,-1.0158191,-0.3620472,1.3627768,-1.0158177,-0.3620118,1.3627626,-1.0158177,-0.3619976,1.3627414,-1.0158169,-0.3619621,1.362791,-1.0158162,-0.3620047,1.3627555,-1.0158177,-0.3619905,1.3627768,-1.0158212,-0.362033,1.3627768,-1.015824,-0.3620685,1.362791,-1.0158254,-0.3620897,1.362791,-1.0158254,-0.3620968,1.362791,-1.015824,-0.3620826,1.3627839,-1.0158247,-0.3620826,1.3627555,-1.0158233,-0.3620401,1.3627839,-1.0158212,-0.3620472,1.362791,-1.0158212,-0.3620543,1.3627981,-1.0158219,-0.3620755,1.3627555,-1.0158219,-0.3620259,1.3627981,-1.0158276,-0.3621252,1.3627697,-1.0158283,-0.3621039,1.3627839,-1.0158297,-0.3621322,1.3627768,-1.0158297,-0.3621181,1.3627839,-1.015829,-0.3621181,1.3627768,-1.0158269,-0.3620968,1.3627768,-1.015829,-0.3621252,1.3627697,-1.0158325,-0.3621393,1.3628122,-1.0158304,-0.3621677,1.362791,-1.015829,-0.3621322,1.3628051,-1.015834,-0.3621819,1.3627839,-1.0158354,-0.3621819,1.3628122,-1.015834,-0.362196,1.3628122,-1.0158311,-0.3621748,1.362791,-1.0158325,-0.3621677,1.3627981,-1.015834,-0.3621819,1.3627981,-1.0158311,-0.3621535,1.3628051,-1.0158318,-0.3621748,1.3627839,-1.0158304,-0.3621464,1.362713,-1.0158368,-0.3621252,1.3627768,-1.0158304,-0.3621322,1.3627981,-1.0158318,-0.3621606,1.3627981,-1.0158297,-0.3621464,1.3628122,-1.0158297,-0.3621535,1.3627768,-1.0158325,-0.3621535,1.3627697,-1.0158304,-0.3621252,1.3627768,-1.0158283,-0.362111,1.3627839,-1.0158276,-0.3621039,1.3627768,-1.0158262,-0.3620897,1.3627768,-1.015829,-0.3621181,1.362791,-1.015829,-0.3621322,1.3627768,-1.0158262,-0.3620897,1.3627981,-1.0158247,-0.3620968,1.362791,-1.0158219,-0.3620614,1.3627768,-1.0158269,-0.3620968,1.3627768,-1.0158233,-0.3620614,1.362791,-1.0158219,-0.3620614,1.3627768,-1.0158212,-0.3620401,1.3628122,-1.0158198,-0.3620614,1.362791,-1.0158198,-0.3620472,1.362791,-1.0158198,-0.3620401,1.3627768,-1.0158198,-0.362033,1.3627626,-1.0158205,-0.3620188,1.3628051,-1.0158226,-0.3620826,1.3627768,-1.0158219,-0.3620472,1.3628193,-1.0158233,-0.3621039,1.362791,-1.0158247,-0.3620897,1.3628335,-1.0158198,-0.3620826,1.3627768,-1.0158254,-0.3620826,1.3628193,-1.0158233,-0.3620968,1.3628051,-1.0158219,-0.3620755,1.3628122,-1.0158191,-0.3620543,1.3628335,-1.0158148,-0.3620401,1.3628548,-1.0158134,-0.3620401,1.3628689,-1.0158127,-0.3620472,1.3628902,-1.0158148,-0.3620968,1.3628335,-1.0158191,-0.3620826,1.3628831,-1.0158219,-0.3621535,1.3628689,-1.0158191,-0.362111,1.3628689,-1.0158262,-0.3621889,1.3629044,-1.0158262,-0.3622244,1.3628618,-1.0158304,-0.3622173,1.3628689,-1.0158297,-0.3622102,1.3628051,-1.0158368,-0.3622173,1.3628406,-1.0158283,-0.3621748,1.3629185,-1.015829,-0.3622598,1.3629327,-1.0158361,-0.3623307,1.3629115,-1.0158403,-0.3623591,1.3628689,-1.0158432,-0.3623449,1.3628973,-1.0158375,-0.3623094,1.3628831,-1.0158403,-0.3623307,1.3628618,-1.0158389,-0.3623024,1.3628902,-1.0158425,-0.3623591,1.3628973,-1.0158453,-0.3623874,1.3628831,-1.0158467,-0.3623945,1.3629185,-1.015851,-0.3624654,1.3628973,-1.0158552,-0.3624866,1.3629044,-1.0158552,-0.3624937,1.3628902,-1.0158566,-0.3624937,1.3628831,-1.0158552,-0.3624725,1.3628973,-1.0158545,-0.3624725,1.3628335,-1.0158595,-0.3624654,1.3629115,-1.0158524,-0.3624725,1.3628831,-1.0158552,-0.3624795,1.3629044,-1.0158545,-0.3624795,1.3628902,-1.015851,-0.362437,1.3628973,-1.0158488,-0.3624228,1.3629115,-1.0158474,-0.3624228,1.3629185,-1.0158481,-0.362437,1.362876,-1.0158503,-0.3624158,1.3629327,-1.0158517,-0.3624937,1.3629327,-1.0158531,-0.3625008,1.3629398,-1.015851,-0.3624866,1.3628973,-1.0158517,-0.3624583,1.3629044,-1.0158531,-0.3624795,1.3628831,-1.0158573,-0.3625008,1.3629185,-1.0158552,-0.3625079,1.3629044,-1.0158581,-0.3625221,1.3629256,-1.0158573,-0.3625363,1.3629115,-1.0158588,-0.3625292,1.3628973,-1.0158559,-0.3625008,1.3629185,-1.0158545,-0.3625008,1.3629398,-1.0158566,-0.3625363,1.3629256,-1.0158545,-0.3625079,1.3629469,-1.0158609,-0.3625859,1.3629256,-1.0158637,-0.3626,1.3628973,-1.0158637,-0.3625646,1.3628973,-1.0158616,-0.3625504,1.3629044,-1.015863,-0.3625646,1.3629327,-1.0158616,-0.3625859,1.3629327,-1.015868,-0.3626497,1.3629752,-1.0158673,-0.362678,1.3629398,-1.0158673,-0.3626426,1.3629327,-1.0158673,-0.3626284,1.3629611,-1.0158658,-0.3626567,1.3629327,-1.0158673,-0.3626355,1.3629469,-1.0158658,-0.3626355,1.3629682,-1.0158694,-0.3626851,1.362954,-1.0158694,-0.362678,1.3629256,-1.0158715,-0.3626709,1.3629185,-1.0158715,-0.3626638,1.3629398,-1.0158694,-0.3626638,1.3629185,-1.0158673,-0.3626142,1.3629185,-1.0158658,-0.3626142,1.3629965,-1.0158673,-0.3626922,1.3629894,-1.0158701,-0.3627205,1.3630036,-1.0158715,-0.3627489,1.3629682,-1.0158673,-0.3626709,1.3629682,-1.015868,-0.362678,1.3629823,-1.0158694,-0.3627064,1.3629682,-1.0158701,-0.3626993,1.362954,-1.015868,-0.3626638,1.362954,-1.0158651,-0.3626355,1.3629682,-1.015868,-0.362678,1.3629682,-1.0158658,-0.3626638,1.3629894,-1.015863,-0.3626567,1.3629682,-1.0158644,-0.3626497,1.3629965,-1.0158651,-0.362678,1.3629752,-1.0158673,-0.362678,1.3630036,-1.0158694,-0.3627276,1.3630178,-1.0158694,-0.3627418,1.3630036,-1.0158673,-0.3627064,1.3630036,-1.0158673,-0.3627064,1.3630957,-1.0158786,-0.3629119,1.3630249,-1.0158779,-0.3628269,1.3630532,-1.0158821,-0.3628977,1.3629894,-1.01588,-0.3628127,1.3629682,-1.0158758,-0.362756,1.3630461,-1.0158807,-0.3628836,1.3630674,-1.0158829,-0.3629261,1.3630461,-1.0158843,-0.3629119,1.3630532,-1.0158907,-0.3629828,1.3630603,-1.0158892,-0.3629757,1.363032,-1.0158885,-0.3629403,1.3630603,-1.0158871,-0.3629544,1.363039,-1.0158928,-0.3629899,1.363032,-1.0158935,-0.3629899,1.3630461,-1.0158956,-0.3630253,1.3630745,-1.0158949,-0.3630466,1.3630603,-1.0158985,-0.3630607,1.3631099,-1.0159013,-0.3631387,1.3630887,-1.0158977,-0.3630891,1.3630745,-1.0158977,-0.3630749,1.3630674,-1.015897,-0.3630678,1.3630603,-1.0159013,-0.3630891,1.3630674,-1.0158977,-0.3630749,1.3630532,-1.0158928,-0.363004,1.3630461,-1.0158977,-0.3630466,1.3630887,-1.0159034,-0.3631387,1.3630745,-1.0159034,-0.3631316,1.3630816,-1.0159041,-0.3631458,1.3630816,-1.0159027,-0.3631316,1.3630957,-1.0158935,-0.3630466,1.3630957,-1.0158977,-0.3630962,1.3630887,-1.0158992,-0.3630962,1.3630816,-1.0158992,-0.3630962,1.3630816,-1.0158985,-0.363082,1.3630745,-1.0158956,-0.3630466,1.3630957,-1.0158992,-0.3631033,1.3630887,-1.0159006,-0.3631175,1.3631099,-1.0159091,-0.3632096,1.3631028,-1.0159077,-0.3631954,1.3630887,-1.0159055,-0.3631529,1.3630461,-1.0159062,-0.3631316,1.3630816,-1.0159034,-0.3631316,1.3630674,-1.0158985,-0.3630678,1.3631383,-1.0159013,-0.3631671,1.363039,-1.0159098,-0.3631529,1.3630957,-1.0159013,-0.3631316,1.3631099,-1.0159034,-0.3631671,1.3631028,-1.0159062,-0.3631812,1.3631808,-1.0159041,-0.3632379,1.3630745,-1.0159084,-0.3631812,1.3631312,-1.015907,-0.3632167,1.3630957,-1.0159112,-0.3632238,1.3631383,-1.0159084,-0.3632379,1.3631383,-1.0159084,-0.363245,1.3631099,-1.0159077,-0.3632025,1.3630957,-1.0159048,-0.36316,1.363117,-1.0159091,-0.3632238,1.3631454,-1.0159077,-0.3632309,1.3630957,-1.0159119,-0.3632309,1.3631737,-1.0159119,-0.3633017,1.3630957,-1.015914,-0.3632521,1.3631383,-1.0159148,-0.3633017,1.3630957,-1.0159197,-0.3633017,1.3630745,-1.015919,-0.3632734,1.363039,-1.0159261,-0.3633017,1.3631383,-1.015914,-0.3632946,1.3631454,-1.015914,-0.3632946,1.3631454,-1.0159105,-0.3632663,1.3631383,-1.0159148,-0.3633017,1.3631454,-1.0159155,-0.3633088,1.3631312,-1.0159162,-0.3633088,1.3631312,-1.015914,-0.3632805,1.3631312,-1.0159119,-0.3632592,1.3631028,-1.0159105,-0.3632238,1.3631524,-1.0159133,-0.3633017,1.3630957,-1.0159176,-0.3632805,1.3631028,-1.0159176,-0.3632876,1.3631454,-1.015914,-0.3632946,1.3631241,-1.0159148,-0.3632876,1.3631808,-1.0159105,-0.3633017,1.3631028,-1.0159119,-0.3632379,1.3631383,-1.0159098,-0.363245,1.3631383,-1.0159077,-0.3632309,1.3631524,-1.0159077,-0.363245,1.3631099,-1.0159084,-0.3632025,1.3631666,-1.0159077,-0.3632592,1.3631383,-1.0159098,-0.3632521,1.3631666,-1.015914,-0.363323,1.3631028,-1.0159169,-0.3632876,1.3631666,-1.0159197,-0.3633655,1.3631524,-1.0159218,-0.3633797,1.3631383,-1.0159183,-0.3633301,1.3631383,-1.0159148,-0.3633017,1.3631312,-1.0159155,-0.3633017,1.3631383,-1.0159162,-0.3633088,1.3631454,-1.0159155,-0.3633088,1.3631383,-1.015914,-0.3632946,1.363117,-1.0159133,-0.3632592,1.3631383,-1.0159119,-0.3632734,1.3631099,-1.015919,-0.3633088,1.3631595,-1.0159162,-0.3633301,1.3631454,-1.0159162,-0.363323,1.3630887,-1.0159261,-0.3633584,1.3631099,-1.0159211,-0.3633301,1.3631099,-1.0159197,-0.3633159,1.3631099,-1.015919,-0.3633088,1.363117,-1.0159204,-0.3633301,1.3631524,-1.0159183,-0.3633443,1.363117,-1.0159183,-0.3633088,1.3631454,-1.0159204,-0.3633584,1.3631312,-1.0159225,-0.3633655,1.363117,-1.0159211,-0.3633301,1.3631099,-1.0159233,-0.3633443,1.3631241,-1.0159261,-0.3633797,1.3631383,-1.0159282,-0.3634293,1.3631312,-1.0159289,-0.3634293,1.3631524,-1.0159303,-0.3634577,1.3631312,-1.0159311,-0.3634435,1.3631383,-1.0159247,-0.3633939,1.3631524,-1.0159289,-0.3634435,1.3631524,-1.0159261,-0.3634151,1.3631241,-1.0159275,-0.3633939,1.3630957,-1.0159311,-0.3634151,1.3631454,-1.0159289,-0.3634435,1.3631383,-1.0159261,-0.3633939,1.3631099,-1.0159261,-0.3633797,1.3631383,-1.0159261,-0.363401,1.3631737,-1.0159282,-0.3634577,1.363117,-1.0159289,-0.3634151,1.3631312,-1.0159261,-0.363401,1.363195,-1.0159296,-0.363486,1.3631666,-1.0159303,-0.3634718,1.3631454,-1.0159311,-0.3634577,1.3631454,-1.0159282,-0.3634293,1.3631737,-1.015924,-0.3634222,1.3632517,-1.015924,-0.3635002,1.3631666,-1.0159211,-0.3633868,1.3632233,-1.0159282,-0.3635073,1.3632091,-1.0159282,-0.3634931,1.3631383,-1.015924,-0.3633797,1.3632091,-1.0159197,-0.3634151,1.3632162,-1.015924,-0.3634648,1.3633084,-1.0159247,-0.363564,1.3633084,-1.0159303,-0.3636136,1.3632375,-1.015936,-0.3636065,1.363195,-1.0159346,-0.3635427,1.3632588,-1.0159303,-0.363564,1.3632091,-1.0159325,-0.3635356,1.3632021,-1.0159346,-0.3635498,1.3631808,-1.0159318,-0.3635002,1.363195,-1.0159289,-0.3634931,1.3632021,-1.0159346,-0.3635569,1.3632021,-1.0159374,-0.3635782,1.3632091,-1.0159389,-0.3635923,1.3632304,-1.0159374,-0.3635994,1.3632162,-1.0159346,-0.3635569,1.3632091,-1.0159311,-0.3635285,1.3632021,-1.0159303,-0.3635073,1.3632517,-1.0159374,-0.3636278,1.3632588,-1.0159452,-0.3637057,1.3632304,-1.0159431,-0.3636632,1.3632588,-1.0159459,-0.3637199,1.3632375,-1.0159431,-0.3636632,1.3632871,-1.0159438,-0.363727,1.3632446,-1.0159502,-0.3637412,1.3632517,-1.0159481,-0.3637199,1.3632091,-1.0159516,-0.3637199,1.36328,-1.0159537,-0.3638121,1.3632517,-1.0159559,-0.3637979,1.3632162,-1.015958,-0.3637908,1.3632517,-1.0159552,-0.3637908,1.3632021,-1.0159587,-0.3637837,1.3632588,-1.0159544,-0.3637908,1.3632588,-1.0159559,-0.3638121,1.3632517,-1.0159601,-0.3638404,1.3632729,-1.0159587,-0.3638546,1.3632446,-1.0159587,-0.3638262,1.3632729,-1.0159644,-0.3638971,1.3632588,-1.0159665,-0.3639042,1.3632446,-1.0159651,-0.36389,1.3632588,-1.0159622,-0.3638688,1.3632446,-1.0159651,-0.36389,1.3632517,-1.0159644,-0.3638829,1.3632658,-1.0159651,-0.3638971,1.36328,-1.0159686,-0.3639538,1.3632658,-1.0159672,-0.3639255,1.3632729,-1.0159665,-0.3639255,1.3632658,-1.0159651,-0.3639113,1.3632658,-1.015963,-0.36389,1.36328,-1.015963,-0.3639042,1.3632871,-1.015963,-0.3639042,1.3632942,-1.0159608,-0.36389,1.3632658,-1.0159601,-0.3638546,1.3632588,-1.0159608,-0.3638617,1.3632729,-1.015958,-0.3638404,1.3632588,-1.0159573,-0.3638191,1.3632729,-1.015958,-0.3638475,1.3632871,-1.0159608,-0.3638829,1.3632375,-1.0159665,-0.36389,1.3632729,-1.0159608,-0.3638758,1.36328,-1.0159587,-0.3638546,1.3632729,-1.0159608,-0.3638688,1.3632588,-1.0159672,-0.3639184,1.3632658,-1.0159637,-0.36389,1.3632517,-1.0159644,-0.3638829,1.3632871,-1.0159651,-0.3639255,1.3633013,-1.015963,-0.3639184,1.3632658,-1.0159672,-0.3639255,1.36328,-1.0159651,-0.3639184,1.3632588,-1.0159651,-0.36389,1.3632517,-1.015963,-0.3638688,1.3632729,-1.0159608,-0.3638688,1.3632658,-1.015963,-0.3638829,1.3632588,-1.0159622,-0.3638688,1.3632658,-1.0159637,-0.36389,1.3632658,-1.015963,-0.3638829,1.3632658,-1.0159608,-0.3638688,1.3632658,-1.015963,-0.36389,1.3632588,-1.015963,-0.3638829,1.3632658,-1.0159608,-0.3638617,1.3632517,-1.0159587,-0.3638333,1.3633155,-1.0159665,-0.3639609,1.36328,-1.0159715,-0.3639822,1.36328,-1.0159693,-0.363968,1.3632304,-1.0159715,-0.3639396,1.3632658,-1.0159672,-0.3639255,1.3632588,-1.0159693,-0.3639396,1.36328,-1.0159679,-0.3639467,1.3632375,-1.0159679,-0.3639113,1.3632446,-1.0159672,-0.3639042,1.3632729,-1.0159644,-0.3639113,1.3632658,-1.0159651,-0.3639042,1.3632233,-1.0159665,-0.3638758,1.3632517,-1.015963,-0.3638758,1.3632729,-1.0159644,-0.3639042,1.3632588,-1.0159672,-0.3639184,1.3632162,-1.0159637,-0.3638475,1.3632304,-1.0159601,-0.3638191,1.3633155,-1.0159651,-0.3639538,1.36328,-1.0159672,-0.3639396,1.3633155,-1.015963,-0.3639255,1.3632871,-1.0159672,-0.3639538,1.3632588,-1.0159686,-0.3639255,1.36328,-1.0159672,-0.3639396,1.3632942,-1.0159622,-0.3639113,1.3633226,-1.015963,-0.3639467,1.3633155,-1.0159644,-0.3639467,1.363358,-1.0159622,-0.363968,1.36328,-1.015963,-0.3638971,1.3633013,-1.0159644,-0.3639396,1.3633367,-1.015963,-0.3639609,1.3633155,-1.0159651,-0.3639609,1.3632942,-1.0159665,-0.3639467,1.3633367,-1.0159665,-0.3639893,1.3632871,-1.0159651,-0.3639255,1.36328,-1.0159644,-0.3639113,1.3633226,-1.0159615,-0.3639325,1.3632942,-1.0159622,-0.3639042,1.3633084,-1.0159587,-0.36389,1.3632942,-1.0159608,-0.3638971,1.3633367,-1.0159587,-0.3639184,1.3633367,-1.0159608,-0.3639396,1.3633084,-1.0159608,-0.3639113,1.3633367,-1.0159566,-0.3638971,1.3632871,-1.0159573,-0.3638546,1.3632942,-1.0159566,-0.3638546,1.3633013,-1.0159601,-0.3638971,1.3633084,-1.0159637,-0.3639396,1.3633013,-1.015963,-0.3639255,1.3633084,-1.0159608,-0.3638971,1.3632942,-1.0159587,-0.3638688,1.3632871,-1.0159587,-0.3638688,1.3633013,-1.015963,-0.3639184,1.3633226,-1.0159587,-0.3638971,1.3633084,-1.0159566,-0.3638688,1.3632942,-1.0159573,-0.3638617,1.3633013,-1.0159608,-0.3639042,1.3632729,-1.0159637,-0.3639042,1.3633013,-1.0159608,-0.3639042,1.3632729,-1.0159651,-0.3639113,1.36328,-1.0159665,-0.3639396,1.3633084,-1.0159651,-0.3639467,1.3633084,-1.015963,-0.3639325,1.3633155,-1.0159693,-0.3639963,1.3633367,-1.0159707,-0.3640247,1.3633226,-1.0159693,-0.3639963,1.3633438,-1.0159665,-0.3639963,1.3633226,-1.0159651,-0.3639609,1.3632588,-1.0159729,-0.363968,1.3632942,-1.0159651,-0.3639325,1.3633013,-1.0159651,-0.3639467,1.3632942,-1.0159672,-0.3639609,1.3633013,-1.0159707,-0.3639893,1.3633296,-1.0159715,-0.3640318,1.3633367,-1.0159693,-0.3640176,1.3633226,-1.0159693,-0.3640034,1.3633296,-1.0159672,-0.3639893,1.3633226,-1.0159686,-0.3639963,1.3633155,-1.0159707,-0.3640105,1.3633226,-1.0159686,-0.3639893,1.3632517,-1.0159729,-0.363968,1.3632588,-1.0159686,-0.3639255,1.3633084,-1.0159672,-0.363968,1.3633651,-1.0159665,-0.3640176,1.363358,-1.0159715,-0.3640601,1.3633509,-1.0159729,-0.3640601,1.3633226,-1.0159778,-0.3640885,1.3633155,-1.0159793,-0.3640885,1.3633226,-1.0159757,-0.3640672,1.3633155,-1.0159736,-0.3640389,1.3633084,-1.0159771,-0.3640672,1.3633296,-1.01598,-0.3641168,1.3633084,-1.0159814,-0.3641097,1.3633013,-1.01598,-0.3640814,1.3633226,-1.0159778,-0.3640814,1.3633013,-1.0159757,-0.364046,1.3633226,-1.0159736,-0.3640389,1.3632942,-1.0159736,-0.3640176,1.3633084,-1.015975,-0.3640389,1.3633296,-1.0159729,-0.364046,1.3632729,-1.0159771,-0.3640318,1.3632446,-1.0159814,-0.3640389,1.3632942,-1.015975,-0.3640247,1.3633155,-1.0159729,-0.3640247,1.3632871,-1.0159736,-0.3640105,1.363358,-1.0159736,-0.3640814,1.3633296,-1.015975,-0.3640601,1.3632871,-1.0159771,-0.364046,1.3633013,-1.01598,-0.3640814,1.3633509,-1.0159757,-0.3640885,1.3633226,-1.0159793,-0.3640956,1.3633509,-1.0159807,-0.3641452,1.3633509,-1.0159828,-0.3641523,1.3633509,-1.0159793,-0.3641239,1.3633367,-1.0159814,-0.364131,1.3633296,-1.0159771,-0.3640814,1.3632871,-1.0159814,-0.3640814,1.3633226,-1.0159778,-0.3640814,1.3633155,-1.0159807,-0.3641027,1.3633226,-1.0159849,-0.3641523,1.3633722,-1.015987,-0.3642231,1.3633934,-1.0159892,-0.3642586,1.3633722,-1.0159913,-0.3642586,1.3633934,-1.0159899,-0.3642728,1.3633438,-1.0159934,-0.3642515,1.3633367,-1.0159899,-0.364209,1.3633155,-1.0159899,-0.3641948,1.3633013,-1.0159856,-0.3641381,1.3633084,-1.01598,-0.3640956,1.3633226,-1.0159807,-0.3641027,1.36328,-1.0159849,-0.3641027,1.3633084,-1.0159828,-0.3641097,1.3633296,-1.0159835,-0.3641452,1.3633651,-1.0159814,-0.3641594,1.363358,-1.0159821,-0.3641664,1.3633509,-1.0159828,-0.3641594,1.3633296,-1.0159814,-0.3641239,1.3633651,-1.0159778,-0.364131,1.3633722,-1.0159807,-0.3641594,1.3633651,-1.0159814,-0.3641523,1.3633934,-1.0159821,-0.3642019,1.363358,-1.01598,-0.3641452,1.3633367,-1.0159835,-0.3641523,1.3633367,-1.0159835,-0.3641523,1.3633509,-1.0159828,-0.3641594,1.3633438,-1.0159771,-0.3640956,1.3633934,-1.0159821,-0.3642019,1.3633367,-1.0159835,-0.3641523,1.3633934,-1.0159849,-0.3642161,1.3633863,-1.015987,-0.3642302,1.3633651,-1.0159899,-0.3642373,1.3634289,-1.0159941,-0.3643507,1.3634005,-1.0159956,-0.3643295,1.3634076,-1.0159977,-0.3643578,1.3634289,-1.0159998,-0.3644074,1.3633793,-1.0160005,-0.3643507,1.3634005,-1.0160041,-0.3644145,1.3634218,-1.0160041,-0.3644358,1.3634076,-1.0160026,-0.3644074,1.3633793,-1.0160019,-0.3643649,1.3633722,-1.0160026,-0.364372,1.363358,-1.0160048,-0.3643791,1.3633438,-1.0160041,-0.3643578,1.3633296,-1.0160041,-0.3643436,1.3633438,-1.0159984,-0.3643011,1.3633651,-1.0159963,-0.3643011,1.3633863,-1.0159956,-0.3643082,1.3633722,-1.0159998,-0.3643366,1.3633651,-1.0160019,-0.3643507,1.3633934,-1.0160005,-0.3643649,1.3633722,-1.0159984,-0.3643295,1.3633863,-1.0160026,-0.3643862,1.363436,-1.0160041,-0.36445,1.3634005,-1.016009,-0.364457,1.3633509,-1.0160133,-0.364457,1.3633934,-1.0160126,-0.3644854,1.3633722,-1.016009,-0.3644287,1.3633793,-1.016009,-0.3644358,1.3633934,-1.0160104,-0.3644641,1.3633863,-1.0160083,-0.3644287,1.3634147,-1.0160005,-0.3643933,1.3634076,-1.0159963,-0.3643436,1.3634005,-1.0159941,-0.3643224,1.3633793,-1.0160026,-0.3643791,1.3634218,-1.0160041,-0.3644287,1.3633438,-1.0160062,-0.3643791,1.3633934,-1.0159977,-0.3643436,1.3633863,-1.0160048,-0.3644074,1.3634005,-1.0160069,-0.3644429,1.3634147,-1.0160048,-0.3644358,1.3633863,-1.0160062,-0.3644145,1.3634005,-1.0160048,-0.3644216,1.3634076,-1.0160083,-0.364457,1.3633934,-1.016009,-0.364457,1.3633934,-1.0160069,-0.3644358,1.3633934,-1.0160069,-0.3644287,1.3633722,-1.0160048,-0.3643933,1.3634076,-1.0159998,-0.3643791,1.3633793,-1.0160019,-0.364372,1.3634147,-1.0159984,-0.364372,1.3634005,-1.0159998,-0.3643649,1.3633367,-1.0160069,-0.3643791,1.3633438,-1.0160069,-0.3643862,1.3633651,-1.0160048,-0.3643791,1.3633934,-1.0160005,-0.3643791,1.3633793,-1.0160026,-0.364372,1.3633509,-1.0160041,-0.3643578,1.3633863,-1.0160019,-0.3643791,1.3633793,-1.0160019,-0.364372,1.3634005,-1.0160005,-0.3643791,1.3634005,-1.0160005,-0.3643791,1.3633793,-1.0159998,-0.3643507,1.3633509,-1.0160048,-0.3643649,1.363358,-1.0160041,-0.3643649,1.3633934,-1.0159998,-0.3643578,1.3633651,-1.0160041,-0.3643791,1.3633651,-1.0160041,-0.364372,1.3633226,-1.0160041,-0.3643295,1.3633226,-1.0160062,-0.3643507,1.3633438,-1.0160041,-0.3643507,1.3633793,-1.0160026,-0.3643791,1.3633651,-1.0160048,-0.3643791,1.3633155,-1.0160083,-0.364372,1.3633509,-1.0160062,-0.3643791,1.363358,-1.0160041,-0.3643649,1.3632942,-1.0160083,-0.3643436,1.3633296,-1.0160062,-0.3643578,1.3633651,-1.0160019,-0.3643507,1.3633438,-1.0159984,-0.3643082,1.3633438,-1.0159977,-0.3642869,1.3633509,-1.0159984,-0.3643153,1.3633793,-1.0159998,-0.3643436,1.3633863,-1.0159963,-0.3643224,1.3634005,-1.0159956,-0.3643295,1.3634005,-1.0159941,-0.3643224,1.3634218,-1.0159941,-0.3643366,1.3634076,-1.0159963,-0.3643507,1.3634076,-1.0159956,-0.3643366,1.3633934,-1.0159934,-0.3643011,1.3634147,-1.0159941,-0.3643295,1.3634218,-1.0159913,-0.3643011,1.3633863,-1.015992,-0.3642869,1.363436,-1.0159913,-0.3643224,1.3634289,-1.015987,-0.3642728,1.3634076,-1.0159878,-0.3642657,1.3634289,-1.0159878,-0.3642869,1.3634147,-1.0159863,-0.3642586,1.363443,-1.0159849,-0.3642728,1.3633934,-1.0159899,-0.3642728,1.3633793,-1.0159934,-0.3642869,1.3634076,-1.0159934,-0.3643153,1.363443,-1.0159878,-0.364294,1.3633863,-1.0159934,-0.3643011,1.3633438,-1.0159934,-0.3642515,1.3633367,-1.0159941,-0.3642515,1.3634005,-1.0159863,-0.3642444,1.3634076,-1.0159892,-0.3642728,1.3633863,-1.0159892,-0.3642515,1.3633793,-1.0159913,-0.3642657,1.3633722,-1.0159899,-0.3642515,1.3633793,-1.015992,-0.3642728,1.3633651,-1.0159913,-0.3642515,1.3633509,-1.015992,-0.3642515,1.3633226,-1.0159913,-0.364209,1.3633438,-1.0159934,-0.3642515,1.3633934,-1.0159934,-0.3643011,1.3633793,-1.0159934,-0.3642869,1.3633651,-1.0159899,-0.3642373,1.3633722,-1.0159956,-0.3643011,1.3633651,-1.0159977,-0.3643082,1.363358,-1.0159956,-0.3642799,1.3633367,-1.0160041,-0.3643507,1.363358,-1.0160019,-0.3643507,1.3633651,-1.0160026,-0.3643649,1.3633651,-1.0160019,-0.3643507,1.363358,-1.0160019,-0.3643436,1.3633722,-1.0160026,-0.364372,1.3633296,-1.0160062,-0.3643578,1.3633509,-1.0160041,-0.3643578,1.3633367,-1.0160041,-0.3643507,1.3633793,-1.0159984,-0.3643366,1.3633722,-1.0160019,-0.3643578,1.3634076,-1.0159984,-0.3643649,1.363358,-1.0159998,-0.3643295,1.3633722,-1.0159998,-0.3643436,1.3633722,-1.0159977,-0.3643224,1.3633296,-1.0159998,-0.3643011,1.3634005,-1.0159963,-0.3643366,1.3634076,-1.0159977,-0.3643578,1.3634005,-1.0159956,-0.3643295,1.3634005,-1.0159941,-0.3643224,1.3634147,-1.0159913,-0.3643011,1.3634076,-1.0159913,-0.3643011,1.3634147,-1.0159899,-0.364294,1.3633934,-1.0159934,-0.3643011,1.3633934,-1.015992,-0.364294,1.3633793,-1.015992,-0.3642799,1.3633793,-1.0159934,-0.3642869,1.3634218,-1.0159899,-0.3643011,1.3634147,-1.0159878,-0.3642728,1.363358,-1.0160048,-0.3643791,1.3633226,-1.0160104,-0.3643933,1.3634005,-1.0160005,-0.3643791,1.3634005,-1.0159977,-0.3643507,1.3633934,-1.0160048,-0.3644145,1.3633793,-1.0160168,-0.3645137,1.3634005,-1.0160175,-0.364535,1.3633438,-1.0160211,-0.3645208,1.3633793,-1.0160168,-0.3645137,1.3633793,-1.0160147,-0.3644925,1.3633509,-1.0160154,-0.3644712,1.3633438,-1.0160133,-0.36445,1.3633863,-1.0160104,-0.364457,1.3633863,-1.016009,-0.3644429,1.3633934,-1.0160069,-0.3644358,1.3633793,-1.0160104,-0.364457,1.3633863,-1.0160111,-0.3644641,1.3634005,-1.016009,-0.364457,1.363358,-1.0160111,-0.3644358,1.3633722,-1.0160104,-0.36445,1.3633509,-1.0160104,-0.3644216,1.3633722,-1.0160069,-0.3644145,1.3633793,-1.0160062,-0.3644145,1.3633509,-1.0160133,-0.364457,1.3634218,-1.0160126,-0.3645137,1.3633509,-1.0160189,-0.3645067,1.3634076,-1.0160133,-0.3645067,1.3634005,-1.0160111,-0.3644854,1.3634005,-1.0160126,-0.3644925,1.3634005,-1.0160147,-0.3645067,1.3634005,-1.0160161,-0.3645208,1.3634076,-1.0160218,-0.3645917,1.363443,-1.0160211,-0.364613,1.3633863,-1.0160232,-0.3645775,1.3634076,-1.0160211,-0.3645846,1.3634005,-1.0160211,-0.3645705,1.363436,-1.0160189,-0.3645846,1.3634147,-1.0160189,-0.3645634,1.3633793,-1.0160189,-0.364535,1.3633651,-1.0160274,-0.3645917,1.3634076,-1.0160225,-0.3645988,1.3633934,-1.0160197,-0.3645563,1.3634076,-1.0160211,-0.3645846,1.3634076,-1.0160211,-0.3645846,1.3634076,-1.0160189,-0.3645563,1.3634005,-1.0160239,-0.3646059,1.3634076,-1.0160253,-0.3646201,1.3634076,-1.0160253,-0.3646201,1.3633722,-1.0160274,-0.364613,1.3634005,-1.0160267,-0.3646272,1.3633934,-1.0160246,-0.3645988,1.3634147,-1.0160197,-0.3645775,1.3634218,-1.0160168,-0.3645563,1.3634076,-1.0160211,-0.3645846,1.3633934,-1.0160218,-0.3645775,1.3634076,-1.0160218,-0.3645917,1.3634218,-1.0160211,-0.3645917,1.3634289,-1.0160197,-0.3645917,1.363436,-1.0160239,-0.3646342,1.3634289,-1.0160232,-0.3646201,1.3634005,-1.0160197,-0.3645634,1.363443,-1.0160154,-0.3645634,1.3634643,-1.0160133,-0.3645634,1.3634785,-1.0160104,-0.3645563,1.3634643,-1.0160104,-0.364535,1.363443,-1.0160133,-0.3645421,1.3634997,-1.0160111,-0.3645846,1.3634147,-1.0160161,-0.3645421,1.3634572,-1.0160133,-0.3645563,1.3634218,-1.0160126,-0.3645067,1.3634289,-1.0160182,-0.3645705,1.3634501,-1.0160197,-0.364613,1.363436,-1.0160161,-0.3645563,1.3634218,-1.0160168,-0.3645563,1.363436,-1.0160133,-0.3645421,1.363443,-1.0160126,-0.364535,1.3634076,-1.0160175,-0.3645492,1.3634218,-1.0160211,-0.3645917,1.3634147,-1.0160232,-0.364613,1.3634076,-1.0160218,-0.3645846,1.3634289,-1.0160189,-0.3645846,1.3634005,-1.0160197,-0.3645634,1.3634147,-1.0160175,-0.3645634,1.3634572,-1.0160147,-0.3645705,1.3634147,-1.0160168,-0.3645492,1.3634076,-1.0160154,-0.3645279,1.3633793,-1.0160154,-0.3644996
2020-05-11.out.9,0.0,1.3633651,-1.0160168,-0.3644996,1.3634076,-1.0160111,-0.3644854,1.3633863,-1.0160111,-0.3644712,1.3634218,-1.0160111,-0.3644996,1.3634076,-1.0160147,-0.3645137,1.3634147,-1.0160126,-0.3645067,1.3634147,-1.0160126,-0.3645067,1.3633934,-1.0160111,-0.3644783,1.3634076,-1.016009,-0.3644712,1.363358,-1.0160147,-0.3644712,1.3633651,-1.0160126,-0.364457,1.3633934,-1.0160126,-0.3644925,1.3633863,-1.016009,-0.36445,1.3633793,-1.016009,-0.3644358,1.3633651,-1.0160104,-0.3644429,1.3633863,-1.0160083,-0.3644429,1.3633934,-1.0160069,-0.3644358,1.3634218,-1.0160069,-0.364457,1.3633934,-1.0160062,-0.3644216,1.3633509,-1.016009,-0.3644145,1.3634289,-1.0160062,-0.364457,1.3634005,-1.0160048,-0.3644287,1.3634218,-1.0160048,-0.3644429,1.363436,-1.0160048,-0.364457,1.3634147,-1.016009,-0.3644712,1.3634289,-1.016009,-0.3644925,1.3634289,-1.016009,-0.3644925,1.363443,-1.0160083,-0.3644925,1.3634714,-1.0160048,-0.3644925,1.3634218,-1.0160069,-0.364457,1.3633863,-1.0160083,-0.3644358,1.3634005,-1.0160048,-0.3644287,1.3634076,-1.0160083,-0.364457,1.3634147,-1.0160041,-0.3644216,1.3634785,-1.0160062,-0.3645067,1.3634289,-1.0160147,-0.3645421,1.3634005,-1.0160175,-0.3645492,1.3634289,-1.0160133,-0.364535,1.3634643,-1.0160069,-0.3644996,1.3634076,-1.0160104,-0.3644854,1.3634147,-1.0160104,-0.3644925,1.3634289,-1.0160147,-0.364535,1.3634501,-1.0160111,-0.3645279,1.3634572,-1.0160126,-0.3645492,1.3634289,-1.0160133,-0.364535,1.3634501,-1.0160133,-0.3645492,1.3634289,-1.0160147,-0.3645421,1.3634218,-1.0160161,-0.3645492,1.363436,-1.0160147,-0.3645492,1.3634572,-1.0160189,-0.364613,1.3634572,-1.0160168,-0.3645846,1.3634643,-1.0160154,-0.3645846,1.3634785,-1.0160133,-0.3645846,1.363443,-1.0160133,-0.3645492,1.3634005,-1.0160189,-0.3645492,1.3634501,-1.0160168,-0.3645846,1.3634572,-1.0160133,-0.3645634,1.3634572,-1.0160154,-0.3645775,1.3634643,-1.0160168,-0.3645988,1.3634501,-1.0160168,-0.3645846,1.3634572,-1.0160175,-0.3646059,1.3634997,-1.0160189,-0.3646484,1.3634927,-1.0160189,-0.3646484,1.3634289,-1.0160197,-0.3645917,1.3634572,-1.0160182,-0.3645988,1.3634005,-1.0160189,-0.3645563,1.3634643,-1.0160147,-0.3645775,1.3634076,-1.0160189,-0.3645634,1.3635139,-1.0160189,-0.3646626,1.3635068,-1.0160225,-0.3646839,1.3634927,-1.0160211,-0.3646697,1.3634927,-1.0160182,-0.3646342,1.3634714,-1.0160168,-0.3646059,1.3634785,-1.0160189,-0.3646272,1.3635139,-1.0160211,-0.3646909,1.3634785,-1.0160197,-0.3646484,1.3634997,-1.0160168,-0.3646272,1.3634785,-1.0160175,-0.3646201,1.3635068,-1.0160175,-0.3646484,1.3634501,-1.0160218,-0.3646342,1.3634643,-1.0160175,-0.364613,1.3634572,-1.0160168,-0.3645846,1.3634572,-1.0160154,-0.3645846,1.3634856,-1.0160168,-0.3646201,1.3635494,-1.0160239,-0.3647547,1.3635423,-1.016026,-0.3647689,1.3634856,-1.0160289,-0.3647406,1.3635068,-1.0160253,-0.3647193,1.363521,-1.016026,-0.3647406,1.3634714,-1.0160296,-0.3647264,1.3634643,-1.0160324,-0.3647476,1.3634927,-1.0160303,-0.3647618,1.3634997,-1.016036,-0.3648185,1.3635352,-1.016036,-0.364854,1.3635352,-1.0160367,-0.3648611,1.3635564,-1.0160374,-0.3648894,1.3635423,-1.0160367,-0.3648681,1.3635423,-1.0160395,-0.3648894,1.363521,-1.0160409,-0.3648894,1.3635281,-1.0160409,-0.3648965,1.3635848,-1.0160473,-0.3650099,1.3635706,-1.0160452,-0.3649745,1.3635139,-1.0160445,-0.3649107,1.3635777,-1.0160473,-0.3650028,1.3635281,-1.0160501,-0.3649815,1.3635635,-1.0160459,-0.3649745,1.3635919,-1.0160515,-0.3650524,1.3635706,-1.0160544,-0.3650595,1.3635352,-1.016053,-0.3650099,1.3635352,-1.0160544,-0.3650312,1.3635848,-1.0160558,-0.3650949,1.3635706,-1.0160537,-0.3650524,1.3635564,-1.0160508,-0.365017,1.3635068,-1.0160544,-0.3649957,1.3635635,-1.0160558,-0.3650737,1.3635494,-1.0160551,-0.3650524,1.3635352,-1.0160544,-0.3650241,1.3635352,-1.0160537,-0.3650241,1.3635706,-1.0160544,-0.3650666,1.3635848,-1.0160537,-0.3650737,1.3635635,-1.0160558,-0.3650737,1.3635777,-1.0160537,-0.3650666,1.3635635,-1.0160579,-0.3650808,1.3635706,-1.0160629,-0.3651446,1.3635706,-1.0160586,-0.3651091,1.3635494,-1.0160622,-0.3651162,1.3635635,-1.0160601,-0.3651091,1.363521,-1.0160629,-0.3650949,1.3635777,-1.0160657,-0.36518,1.3635494,-1.0160671,-0.3651658,1.3635706,-1.0160664,-0.36518,1.3635848,-1.0160629,-0.3651658,1.3635706,-1.0160657,-0.3651729,1.3635777,-1.0160664,-0.3651871,1.3635777,-1.0160678,-0.3652013,1.3635352,-1.0160686,-0.3651587,1.3635635,-1.0160693,-0.3651871,1.3636273,-1.0160629,-0.3652013,1.363521,-1.01607,-0.3651658,1.3635848,-1.0160643,-0.36518,1.3635635,-1.0160707,-0.3652154,1.3635848,-1.0160742,-0.3652721,1.363599,-1.0160728,-0.3652651,1.3635777,-1.0160707,-0.3652225,1.3635777,-1.0160693,-0.3652084,1.3635706,-1.0160693,-0.3652084,1.3635848,-1.0160707,-0.3652367,1.3635777,-1.0160735,-0.3652509,1.3635635,-1.0160707,-0.3652084,1.3635635,-1.0160714,-0.3652154,1.3635919,-1.0160707,-0.3652438,1.3635777,-1.0160721,-0.3652438,1.3635706,-1.0160714,-0.3652296,1.3635635,-1.0160707,-0.3652225,1.3635848,-1.0160686,-0.3652154,1.3635777,-1.0160678,-0.3652013,1.3635919,-1.0160671,-0.3652084,1.3635777,-1.0160671,-0.3652013,1.3635635,-1.0160714,-0.3652154,1.3635635,-1.0160707,-0.3652154,1.3636132,-1.0160707,-0.365258,1.3635848,-1.0160714,-0.3652367,1.3635777,-1.0160707,-0.3652296,1.3636061,-1.0160707,-0.365258,1.363599,-1.01607,-0.3652438,1.3635281,-1.0160742,-0.3652084,1.3635494,-1.0160728,-0.3652225,1.3635635,-1.0160693,-0.3652013,1.363599,-1.0160678,-0.3652225,1.3635635,-1.0160756,-0.365258,1.3635564,-1.0160778,-0.3652792,1.3635848,-1.0160742,-0.3652721,1.363599,-1.0160764,-0.3653005,1.3635777,-1.0160756,-0.3652721,1.3635423,-1.0160764,-0.3652509,1.3635281,-1.0160806,-0.3652721,1.3635706,-1.0160778,-0.3652863,1.3635281,-1.0160728,-0.3652013,1.3635777,-1.0160735,-0.365258,1.3636061,-1.0160728,-0.3652721,1.363599,-1.0160728,-0.3652721,1.3635919,-1.0160707,-0.3652438,1.3635919,-1.0160714,-0.3652509,1.3636061,-1.0160693,-0.3652367,1.3635777,-1.01607,-0.3652225,1.3635919,-1.0160664,-0.3652013,1.3635848,-1.0160693,-0.3652225,1.3635919,-1.0160686,-0.3652225,1.363599,-1.0160657,-0.3652084,1.3635777,-1.0160714,-0.3652367,1.3635848,-1.0160721,-0.3652438,1.3635777,-1.0160721,-0.3652367,1.3636344,-1.0160707,-0.3652863,1.3636061,-1.0160778,-0.3653218,1.363599,-1.0160799,-0.3653288,1.3636132,-1.0160778,-0.3653288,1.3636415,-1.0160756,-0.3653288,1.3635777,-1.0160785,-0.3653005,1.3635706,-1.0160756,-0.3652721,1.3635777,-1.0160756,-0.3652721,1.3635848,-1.0160742,-0.3652651,1.3635919,-1.0160771,-0.3653005,1.363599,-1.0160764,-0.3653005,1.3636061,-1.0160756,-0.3653005,1.3636132,-1.0160742,-0.3652934,1.363599,-1.0160742,-0.3652792,1.3635635,-1.0160827,-0.3653288,1.363599,-1.0160799,-0.3653288,1.3635706,-1.0160778,-0.3652934,1.3636061,-1.0160771,-0.3653218,1.3635564,-1.0160778,-0.3652792,1.3635919,-1.0160792,-0.3653218,1.3635635,-1.0160806,-0.3653076,1.3635635,-1.0160778,-0.3652792,1.3635564,-1.0160792,-0.3652863,1.3635564,-1.0160813,-0.3653076,1.3636061,-1.0160792,-0.365343,1.3636202,-1.0160764,-0.3653288,1.3635635,-1.016082,-0.3653147,1.3635919,-1.0160813,-0.365343,1.363599,-1.0160799,-0.3653359,1.3635423,-1.0160827,-0.3653076,1.3636486,-1.0160806,-0.3653855,1.3636415,-1.0160806,-0.3653855,1.3636344,-1.0160813,-0.3653855,1.3636344,-1.0160806,-0.3653785,1.3636132,-1.0160813,-0.3653643,1.363599,-1.0160827,-0.3653643,1.3636202,-1.0160806,-0.3653643,1.3636273,-1.0160792,-0.3653572,1.3635635,-1.0160834,-0.3653359,1.363599,-1.0160849,-0.3653785,1.3636132,-1.0160813,-0.3653643,1.3636132,-1.0160785,-0.3653359,1.3636061,-1.0160785,-0.3653288,1.3636202,-1.0160749,-0.3653076,1.3635777,-1.0160813,-0.3653288,1.3636132,-1.0160771,-0.3653288,1.363599,-1.0160778,-0.3653147,1.3635635,-1.0160813,-0.3653147,1.3635564,-1.0160778,-0.3652721,1.3635848,-1.0160764,-0.3652863,1.3635848,-1.0160778,-0.3653005,1.3635848,-1.0160813,-0.3653288,1.3636273,-1.0160813,-0.3653785,1.3636132,-1.0160799,-0.365343,1.3636486,-1.0160827,-0.3654068,1.3636557,-1.0160849,-0.3654493,1.3636273,-1.0160863,-0.365421,1.3636132,-1.0160834,-0.3653855,1.3636273,-1.0160827,-0.3653926,1.363599,-1.0160827,-0.3653643,1.3636273,-1.0160806,-0.3653714,1.3636061,-1.0160806,-0.365343,1.3635706,-1.0160827,-0.3653359,1.3635848,-1.0160813,-0.3653359,1.3636061,-1.0160785,-0.3653359,1.3635635,-1.0160799,-0.3652934,1.3635919,-1.0160792,-0.3653218,1.363599,-1.0160799,-0.3653288,1.363599,-1.0160799,-0.3653288,1.3636061,-1.0160785,-0.3653359,1.3635919,-1.0160785,-0.3653147,1.3635848,-1.0160778,-0.3653076,1.3636061,-1.0160827,-0.3653714,1.3635848,-1.0160849,-0.3653643,1.3635848,-1.0160827,-0.365343,1.3635635,-1.0160792,-0.3653005,1.3635848,-1.0160813,-0.3653288,1.3635777,-1.0160806,-0.3653218,1.3635848,-1.0160778,-0.3653005,1.3635777,-1.0160778,-0.3652863,1.3635564,-1.0160771,-0.3652721,1.3635848,-1.0160778,-0.3652934,1.3635777,-1.0160778,-0.3652934,1.3635564,-1.0160799,-0.3652934,1.3635635,-1.0160778,-0.3652792,1.3635635,-1.0160756,-0.365258,1.3635494,-1.0160764,-0.3652438,1.3635635,-1.0160771,-0.3652792,1.3635635,-1.0160749,-0.3652509,1.3636132,-1.0160721,-0.3652792,1.3635848,-1.0160728,-0.365258,1.3635919,-1.0160756,-0.3652792,1.3635919,-1.0160756,-0.3652863,1.3635635,-1.0160785,-0.3652934,1.3635777,-1.0160785,-0.3653005,1.363599,-1.0160756,-0.3653005,1.363521,-1.0160799,-0.3652509,1.3635423,-1.0160778,-0.365258,1.3635848,-1.0160778,-0.3653076,1.3635919,-1.0160778,-0.3653147,1.3636061,-1.0160756,-0.3653005,1.3634785,-1.016087,-0.3652863,1.3635848,-1.0160756,-0.3652792,1.3635777,-1.0160756,-0.3652721,1.3635848,-1.0160749,-0.3652792,1.3635777,-1.0160756,-0.3652721,1.3635777,-1.0160756,-0.3652721,1.3635848,-1.0160756,-0.3652792,1.3635777,-1.0160721,-0.3652438,1.3635706,-1.0160728,-0.3652438,1.3635848,-1.0160721,-0.3652509,1.3636061,-1.0160728,-0.3652792,1.3636061,-1.0160742,-0.3652863,1.3636061,-1.0160756,-0.3653005,1.3635919,-1.0160756,-0.3652934,1.3636132,-1.0160749,-0.3653076,1.363599,-1.0160778,-0.3653147,1.3635777,-1.0160764,-0.3652863,1.3635706,-1.0160764,-0.3652721,1.3635848,-1.0160778,-0.3653005,1.3635777,-1.0160778,-0.3653005,1.3636132,-1.0160728,-0.3652863,1.3635777,-1.0160721,-0.3652438,1.3636344,-1.0160721,-0.3653005,1.3636344,-1.0160721,-0.3652934,1.3636061,-1.0160707,-0.365258,1.3635919,-1.01607,-0.3652367,1.3636061,-1.0160707,-0.3652509,1.3635777,-1.0160728,-0.3652509,1.3636132,-1.0160756,-0.3653076,1.3636061,-1.0160756,-0.3653005,1.363599,-1.0160764,-0.3653005,1.3636061,-1.0160728,-0.3652792,1.363599,-1.0160756,-0.3652934,1.3636202,-1.0160728,-0.3652863,1.3635777,-1.0160778,-0.3652934,1.3636132,-1.0160771,-0.3653218,1.3636061,-1.0160778,-0.3653288,1.3635706,-1.0160806,-0.3653147,1.363599,-1.0160792,-0.3653288,1.3636132,-1.0160778,-0.3653288,1.3636132,-1.0160806,-0.3653572,1.363599,-1.0160764,-0.3653076,1.3635706,-1.0160799,-0.3653076,1.3636132,-1.0160785,-0.3653288,1.3635848,-1.0160806,-0.3653288,1.3636132,-1.0160813,-0.3653714,1.3636486,-1.0160806,-0.3653926,1.3636202,-1.0160806,-0.3653643,1.3636202,-1.0160856,-0.3654139,1.3636202,-1.016087,-0.3654281,1.3636061,-1.0160863,-0.3653997,1.3636061,-1.0160877,-0.365421,1.3636415,-1.0160863,-0.3654352,1.3636132,-1.0160849,-0.3653997,1.3636061,-1.0160827,-0.3653643,1.3636202,-1.0160877,-0.3654352,1.363599,-1.0160955,-0.3654919,1.3636202,-1.0160912,-0.3654706,1.3636557,-1.016087,-0.3654564,1.3636557,-1.0160884,-0.3654777,1.363599,-1.0160955,-0.3654919,1.3636557,-1.0160927,-0.3655131,1.3636202,-1.0160912,-0.3654706,1.3636628,-1.0160934,-0.3655344,1.363684,-1.0160955,-0.3655698,1.3636486,-1.0160941,-0.3655273,1.3636557,-1.0160927,-0.3655131,1.3636415,-1.0160927,-0.365499,1.3636769,-1.0160927,-0.3655344,1.3636486,-1.0160934,-0.3655202,1.3636699,-1.0160912,-0.3655202,1.3636699,-1.0160912,-0.365506,1.3636344,-1.0160948,-0.3655131,1.3636769,-1.0160948,-0.3655557,1.3636628,-1.0160934,-0.3655273,1.3636344,-1.0160955,-0.3655273,1.3636415,-1.0160955,-0.3655344,1.3636486,-1.0160934,-0.3655131,1.3636699,-1.0160948,-0.3655486,1.3636344,-1.0160934,-0.365499,1.3636132,-1.0160919,-0.3654706,1.3636132,-1.0160948,-0.3654848,1.3636415,-1.0160955,-0.3655344,1.3636344,-1.0160934,-0.365506,1.3636344,-1.0160919,-0.3654919,1.3636344,-1.0160941,-0.365506,1.3636344,-1.0160948,-0.365506,1.363599,-1.0160934,-0.3654635,1.3636344,-1.0160898,-0.3654706,1.363599,-1.0160912,-0.3654423,1.3636061,-1.0160919,-0.3654635,1.3636344,-1.0160919,-0.3654848,1.3636415,-1.0160884,-0.3654564,1.3636628,-1.0160884,-0.3654848,1.3636202,-1.0160891,-0.3654493,1.3636415,-1.0160849,-0.3654281,1.3636415,-1.0160863,-0.3654352,1.3636628,-1.016087,-0.3654635,1.3636911,-1.016087,-0.3654919,1.3636769,-1.0160934,-0.3655486,1.3636557,-1.0160955,-0.3655486,1.3636415,-1.0160962,-0.3655415,1.3636628,-1.0160962,-0.3655557,1.3636415,-1.0160976,-0.3655486,1.3636769,-1.0160976,-0.365584,1.363684,-1.0160969,-0.365584,1.3636911,-1.016099,-0.3656124,1.3636415,-1.0160997,-0.3655698,1.3636769,-1.0161019,-0.3656265,1.3636982,-1.016099,-0.3656194,1.363684,-1.0160983,-0.3655982,1.3636628,-1.0160969,-0.3655627,1.3636699,-1.0160983,-0.365584,1.3636557,-1.0161012,-0.3655911,1.3636273,-1.0161012,-0.3655627,1.3636628,-1.0161012,-0.3656053,1.3636911,-1.0161033,-0.3656478,1.3636982,-1.0161019,-0.3656407,1.3636557,-1.016104,-0.3656265,1.3636486,-1.0161012,-0.365584,1.3636628,-1.016104,-0.3656336,1.3636911,-1.0161061,-0.3656832,1.3636911,-1.0161075,-0.3656832,1.363684,-1.0161061,-0.3656761,1.3636911,-1.0161047,-0.3656691,1.3636699,-1.0161061,-0.365662,1.3637195,-1.016104,-0.3656832,1.3636699,-1.0161054,-0.3656549,1.3636699,-1.016104,-0.3656407,1.3636628,-1.0161054,-0.3656478,1.3637195,-1.0161054,-0.3656974,1.3637266,-1.0161061,-0.3657187,1.3637195,-1.0161082,-0.3657258,1.3637266,-1.0161075,-0.3657329,1.3636982,-1.0161082,-0.3657045,1.3636699,-1.0161075,-0.3656691,1.3636628,-1.0161104,-0.3656974,1.363684,-1.0161082,-0.3656974,1.3636911,-1.0161075,-0.3656974,1.3636699,-1.016104,-0.3656478,1.3636982,-1.016104,-0.365662,1.3636911,-1.0161019,-0.3656407,1.3637053,-1.0161054,-0.3656832,1.3636911,-1.016104,-0.365662,1.3637124,-1.0161033,-0.3656761,1.3637266,-1.016104,-0.3656903,1.3637053,-1.0161012,-0.3656478,1.3637053,-1.0161012,-0.3656407,1.3637195,-1.0161033,-0.3656832,1.3637266,-1.0161104,-0.3657612,1.3637195,-1.0161139,-0.3657754,1.3637478,-1.0161125,-0.3658037,1.3637266,-1.0161125,-0.3657825,1.3636911,-1.0161125,-0.3657399,1.3637266,-1.0161182,-0.365825,1.3637053,-1.0161168,-0.3658037,1.3637124,-1.0161146,-0.3657825,1.3637053,-1.0161146,-0.3657825,1.3637266,-1.0161139,-0.3657825,1.3637053,-1.0161139,-0.3657612,1.3637053,-1.0161139,-0.3657683,1.3637195,-1.0161146,-0.3657896,1.3637266,-1.0161125,-0.3657825,1.3637195,-1.0161139,-0.3657825,1.3637124,-1.0161146,-0.3657896,1.3637195,-1.0161125,-0.3657683,1.3637407,-1.0161125,-0.3657966,1.3636982,-1.0161104,-0.3657329,1.3637407,-1.0161118,-0.3657825,1.3637336,-1.0161125,-0.3657896,1.3637336,-1.0161125,-0.3657896,1.3637407,-1.0161139,-0.3658037,1.3637266,-1.016116,-0.3658108,1.3636982,-1.0161146,-0.3657683,1.3637266,-1.0161146,-0.3657966,1.3637195,-1.0161139,-0.3657825,1.3637195,-1.0161104,-0.3657541,1.3637266,-1.0161104,-0.3657683,1.3637266,-1.0161139,-0.3657896,1.3637478,-1.0161139,-0.3658108,1.3637266,-1.0161146,-0.3657966,1.3637053,-1.0161125,-0.3657541,1.3637336,-1.0161125,-0.3657896,1.3637053,-1.0161125,-0.3657612,1.3637691,-1.0161139,-0.365825,1.3637124,-1.016121,-0.3658392,1.3637336,-1.0161168,-0.365825,1.3637407,-1.0161168,-0.3658321,1.3637691,-1.0161168,-0.3658604,1.3637195,-1.0161189,-0.365825,1.3637266,-1.016116,-0.3658037,1.3637195,-1.0161139,-0.3657825,1.3636982,-1.0161189,-0.3658108,1.3637053,-1.0161203,-0.365825,1.3637053,-1.0161189,-0.365825,1.3637336,-1.0161182,-0.3658392,1.3637407,-1.0161139,-0.3658037,1.3637407,-1.016116,-0.3658321,1.3637124,-1.0161189,-0.365825,1.3637195,-1.0161182,-0.3658179,1.3637336,-1.0161168,-0.3658321,1.3637478,-1.016116,-0.365825,1.3637407,-1.0161168,-0.3658392,1.3637195,-1.0161182,-0.3658179,1.3637266,-1.016116,-0.3658037,1.3637266,-1.016116,-0.3658108,1.3637266,-1.016116,-0.3658108,1.3637124,-1.0161189,-0.365825,1.3637266,-1.0161182,-0.3658321,1.3637195,-1.0161168,-0.3658108,1.3637195,-1.016116,-0.3658037,1.3637195,-1.0161146,-0.3657896,1.3637124,-1.0161139,-0.3657754,1.3637266,-1.0161146,-0.3658037,1.363762,-1.0161118,-0.3658037,1.3637762,-1.0161104,-0.3658037,1.3637124,-1.0161125,-0.3657612,1.3637195,-1.016116,-0.3657966,1.3637053,-1.0161182,-0.3658108,1.3637124,-1.0161189,-0.365825,1.3637195,-1.0161168,-0.3658108,1.3637195,-1.0161182,-0.3658179,1.3637124,-1.0161168,-0.3658108,1.3637053,-1.0161182,-0.3658108,1.3637053,-1.0161182,-0.3658108,1.3637336,-1.016116,-0.3658179,1.3637266,-1.0161139,-0.3657825,1.3636982,-1.016116,-0.3657825,1.3637336,-1.0161168,-0.365825,1.3637478,-1.016116,-0.3658392,1.3637195,-1.0161168,-0.3658108,1.3637124,-1.0161182,-0.3658179,1.3637053,-1.0161189,-0.3658179,1.3637407,-1.016116,-0.365825,1.3637407,-1.0161125,-0.3657896,1.3636911,-1.016116,-0.3657754,1.3637407,-1.0161146,-0.3658108,1.3637549,-1.0161146,-0.365825,1.3637549,-1.0161168,-0.3658392,1.3637407,-1.0161168,-0.3658321,1.3637124,-1.0161189,-0.365825,1.3637336,-1.0161203,-0.3658604,1.3636699,-1.0161267,-0.3658533,1.3637124,-1.016121,-0.3658463,1.3637336,-1.0161203,-0.3658604,1.3637124,-1.0161189,-0.3658321,1.3637053,-1.0161189,-0.3658179,1.3636982,-1.016121,-0.3658321,1.3637266,-1.016116,-0.3658108,1.3637336,-1.0161182,-0.3658321,1.3637053,-1.0161182,-0.3658108,1.3637124,-1.0161189,-0.365825,1.3637336,-1.0161182,-0.3658392,1.3636982,-1.0161189,-0.3658108,1.3636911,-1.0161189,-0.3658037,1.3636911,-1.0161189,-0.3658037,1.3637053,-1.0161182,-0.3658037,1.3636982,-1.0161182,-0.3658037,1.3637124,-1.0161168,-0.3658108,1.3637407,-1.016116,-0.365825,1.3637124,-1.016116,-0.3657966,1.3637266,-1.016116,-0.3658108,1.3637266,-1.0161146,-0.3658037,1.3637336,-1.016116,-0.3658179,1.363762,-1.016116,-0.3658392,1.3637053,-1.0161168,-0.3657966,1.3637195,-1.0161139,-0.3657896,1.3637124,-1.0161139,-0.3657754,1.3637336,-1.0161125,-0.3657896,1.3637053,-1.0161146,-0.3657825,1.3637266,-1.0161118,-0.3657683,1.3637053,-1.0161125,-0.3657612,1.3637407,-1.0161104,-0.3657754,1.3637336,-1.0161118,-0.3657825,1.3637124,-1.0161118,-0.3657541,1.3637124,-1.0161118,-0.3657541,1.3637195,-1.0161139,-0.3657825,1.3636982,-1.0161125,-0.3657541,1.3637195,-1.016116,-0.3658108,1.3637053,-1.016116,-0.3657896,1.3637336,-1.016116,-0.3658179,1.3637478,-1.0161168,-0.3658392,1.3637336,-1.0161182,-0.3658321,1.3637266,-1.0161182,-0.3658321,1.3637124,-1.0161182,-0.3658179,1.3637266,-1.0161168,-0.3658179,1.3637195,-1.0161168,-0.3658179,1.3637266,-1.0161168,-0.3658108,1.3637195,-1.016116,-0.3658037,1.3637266,-1.0161146,-0.3657966,1.3637266,-1.0161139,-0.3657896,1.3637336,-1.0161146,-0.3658037,1.3637478,-1.0161146,-0.3658179,1.3637266,-1.0161146,-0.3657966,1.3637195,-1.016116,-0.3658037,1.3637407,-1.0161139,-0.3658037,1.3637478,-1.0161189,-0.3658675,1.3637762,-1.0161203,-0.365903,1.363762,-1.0161203,-0.3658888,1.3637478,-1.0161189,-0.3658604,1.3637478,-1.0161168,-0.3658392,1.3637336,-1.0161182,-0.3658392,1.3637195,-1.0161189,-0.3658321,1.3637336,-1.0161168,-0.365825,1.3637407,-1.0161246,-0.36591,1.3637833,-1.0161224,-0.3659242,1.3637903,-1.016121,-0.3659242,1.3637478,-1.0161203,-0.3658746,1.3637549,-1.0161189,-0.3658746,1.3637478,-1.0161189,-0.3658604,1.3637407,-1.016121,-0.3658746,1.3637691,-1.0161168,-0.3658675,1.3637407,-1.016116,-0.3658321,1.3637549,-1.0161139,-0.3658179,1.3637691,-1.0161146,-0.3658463,1.3637833,-1.0161224,-0.3659313,1.3637549,-1.0161224,-0.3658959,1.363762,-1.0161253,-0.3659384,1.3637974,-1.0161203,-0.3659171,1.3637691,-1.016121,-0.365903,1.363762,-1.0161203,-0.3658817,1.363762,-1.0161224,-0.36591,1.3637903,-1.0161231,-0.3659526,1.3637833,-1.0161231,-0.3659384,1.3637478,-1.0161267,-0.3659313,1.3637266,-1.0161246,-0.3658959,1.3637549,-1.0161231,-0.36591,1.3637903,-1.0161224,-0.3659384,1.3637549,-1.0161231,-0.36591,1.3637974,-1.0161231,-0.3659526,1.363762,-1.0161246,-0.3659313,1.3637478,-1.0161253,-0.3659242,1.3637691,-1.0161253,-0.3659455,1.3637833,-1.0161267,-0.3659738,1.3638258,-1.0161246,-0.3659951,1.3637762,-1.0161267,-0.3659667,1.3637478,-1.0161267,-0.3659384,1.3637762,-1.0161274,-0.3659738,1.3637762,-1.0161274,-0.3659738,1.3638187,-1.0161274,-0.3660164,1.3637478,-1.0161309,-0.3659738,1.36384,-1.0161323,-0.3660731,1.3637974,-1.0161352,-0.3660731,1.3638258,-1.0161345,-0.3660802,1.3637833,-1.0161331,-0.3660235,1.3637974,-1.0161366,-0.3660731,1.3638116,-1.0161394,-0.3661227,1.3637833,-1.0161394,-0.3660943,1.3637974,-1.0161366,-0.3660731,1.3638187,-1.0161352,-0.3660802,1.3638329,-1.0161352,-0.3661014,1.3637833,-1.0161394,-0.3660943,1.3638258,-1.0161416,-0.3661581,1.3637974,-1.0161416,-0.3661298,1.363847,-1.0161409,-0.3661652,1.3637974,-1.0161416,-0.3661298,1.3638045,-1.0161373,-0.3660943,1.3637974,-1.0161394,-0.3661085,1.3638116,-1.0161387,-0.3661085,1.3638258,-1.0161394,-0.3661298,1.3637974,-1.0161409,-0.3661156,1.3638045,-1.0161409,-0.3661298,1.3638329,-1.0161394,-0.3661369,1.3638329,-1.0161366,-0.3661156,1.3638116,-1.0161366,-0.3660872,1.3637833,-1.0161373,-0.3660731,1.3638116,-1.0161345,-0.3660731,1.3637833,-1.0161373,-0.3660731,1.3638045,-1.0161373,-0.3661014,1.3637974,-1.0161394,-0.3661085,1.3638258,-1.0161373,-0.3661156,1.3638187,-1.0161366,-0.3660943,1.3638187,-1.0161373,-0.3661085,1.36384,-1.0161345,-0.3661014,1.3637903,-1.0161394,-0.3660943,1.363599,-1.0161635,-0.3661298,1.3638116,-1.0161394,-0.3661227,1.3638045,-1.016143,-0.3661439,1.3637903,-1.0161416,-0.3661227,1.3638258,-1.0161394,-0.3661298,1.3637974,-1.0161409,-0.3661156,1.3637974,-1.0161409,-0.3661156,1.3637974,-1.0161394,-0.3661085,1.3637903,-1.0161394,-0.3660943,1.3637762,-1.0161416,-0.3661085,1.3638116,-1.0161409,-0.3661298,1.3638258,-1.0161373,-0.3661156,1.3637903,-1.0161373,-0.3660802,1.3638258,-1.0161352,-0.3660943,1.3638045,-1.0161394,-0.3661156,1.3638258,-1.0161394,-0.3661369,1.3638045,-1.0161409,-0.3661227,1.3637762,-1.0161373,-0.366066,1.3638258,-1.0161366,-0.3661085,1.3637833,-1.0161366,-0.366066,1.3638116,-1.0161387,-0.3661085,1.3638045,-1.0161373,-0.3660943,1.3637974,-1.0161373,-0.3660872,1.3637903,-1.0161352,-0.3660589,1.3638258,-1.0161352,-0.3660943,1.3638116,-1.0161366,-0.3660943,1.3638045,-1.0161387,-0.3661085,1.3637974,-1.0161373,-0.3660943,1.3638258,-1.0161373,-0.3661156,1.3638329,-1.0161366,-0.3661156,1.3638116,-1.0161366,-0.3660943,1.3638116,-1.0161352,-0.3660802,1.3638258,-1.0161345,-0.3660802,1.3638258,-1.0161331,-0.3660802,1.3638116,-1.0161331,-0.3660518,1.3638045,-1.0161373,-0.3660943,1.3637903,-1.0161387,-0.3660943,1.3638187,-1.0161366,-0.3661014,1.3638187,-1.0161331,-0.366066,1.3638329,-1.0161352,-0.3660943,1.3638116,-1.0161387,-0.3661156,1.3638329,-1.0161387,-0.3661369,1.3638187,-1.0161394,-0.3661227,1.3638045,-1.0161387,-0.3661085,1.3637974,-1.0161394,-0.3661014,1.3638258,-1.0161387,-0.3661227,1.3637974,-1.0161409,-0.3661227,1.3638116,-1.0161394,-0.3661227,1.3638116,-1.0161373,-0.3661014,1.3638187,-1.0161366,-0.3660943,1.3637974,-1.0161373,-0.3660872,1.3637903,-1.0161394,-0.3661014,1.3637691,-1.016143,-0.3661156,1.3638187,-1.0161416,-0.366151,1.3637762,-1.016143,-0.3661227,1.3637974,-1.016143,-0.3661369,1.3638045,-1.0161409,-0.3661298,1.3638116,-1.0161387,-0.3661156,1.3638045,-1.0161387,-0.3661014,1.3637833,-1.0161373,-0.3660802,1.3637974,-1.0161366,-0.3660802,1.3638116,-1.0161366,-0.3660872,1.363847,-1.0161387,-0.366151,1.3638045,-1.0161387,-0.3661014,1.3638116,-1.0161366,-0.3660943,1.3638116,-1.0161366,-0.3660872,1.3637903,-1.0161331,-0.3660376,1.3637691,-1.0161331,-0.3660164,1.3637903,-1.0161316,-0.3660235,1.3635068,-1.0161231,-0.365662,1.3637124,-1.0161253,-0.3658888,1.3637195,-1.0161253,-0.3658959,1.3637549,-1.0161231,-0.36591,1.3636982,-1.0161189,-0.3658179,1.3637124,-1.0161189,-0.3658321,1.3637266,-1.0161168,-0.3658179,1.3635848,-1.0161061,-0.3655698,1.3636486,-1.0161097,-0.3656761,1.3636132,-1.0161061,-0.3656053,1.3633226,-1.0160912,-0.3651729,1.3633013,-1.0160693,-0.3649461,1.3633651,-1.0160678,-0.3649957,1.363443,-1.0160749,-0.3651304,1.3634572,-1.0160806,-0.3652013,1.3635139,-1.0160834,-0.3652934,1.3635423,-1.0160834,-0.3653218,1.3635635,-1.0160785,-0.3652934,1.363443,-1.0160678,-0.3650737,1.3634501,-1.0160629,-0.3650312,1.3634289,-1.0160601,-0.3649815,1.3634218,-1.0160593,-0.3649674,1.3634005,-1.0160586,-0.364939,1.3634005,-1.0160565,-0.3649178,1.3633934,-1.0160544,-0.3648965,1.3634289,-1.0160544,-0.3649248,1.363436,-1.0160537,-0.3649248,1.3634643,-1.0160558,-0.3649745,1.3634856,-1.0160601,-0.3650312,1.3634785,-1.0160593,-0.3650241,1.3634785,-1.0160601,-0.3650312
2020-05-11.out.10,0.0,1.3634785,-1.0160579,-0.3650028,1.3634856,-1.0160579,-0.3650241,1.3634997,-1.0160622,-0.3650666,1.3635281,-1.0160601,-0.3650808,1.3634927,-1.0160593,-0.3650312,1.363521,-1.0160643,-0.3651162,1.3635139,-1.0160643,-0.365102,1.3635423,-1.0160622,-0.3651091,1.3635068,-1.0160636,-0.3650949,1.3635706,-1.0160629,-0.3651446,1.3635139,-1.0160629,-0.3650879,1.3634927,-1.0160601,-0.3650524,1.3635068,-1.0160643,-0.365102,1.3635139,-1.0160664,-0.3651304,1.3635706,-1.0160693,-0.3652154,1.3635564,-1.0160678,-0.36518,1.3635139,-1.0160664,-0.3651304,1.3635139,-1.016065,-0.3651091,1.3635494,-1.0160693,-0.3651871,1.3635635,-1.0160735,-0.3652509,1.3635848,-1.0160764,-0.3652934,1.3636061,-1.0160728,-0.3652863,1.3635494,-1.0160735,-0.3652296,1.3635281,-1.0160778,-0.365258,1.3636061,-1.0160834,-0.3653785,1.3636061,-1.0160834,-0.3653855,1.3635848,-1.0160813,-0.365343,1.3635777,-1.0160799,-0.3653218,1.3636061,-1.0160813,-0.3653643,1.3635777,-1.0160863,-0.3653785,1.3635848,-1.0160912,-0.3654352,1.3636486,-1.0160955,-0.3655486,1.3636769,-1.0160983,-0.3656053,1.3636769,-1.0160976,-0.3655911,1.3636415,-1.0161012,-0.365584,1.3636415,-1.0160997,-0.3655698,1.3636061,-1.016099,-0.3655344,1.3636061,-1.016099,-0.3655344,1.3636628,-1.0161054,-0.3656478,1.3636699,-1.0161033,-0.3656336,1.3636202,-1.0161054,-0.3656124,1.3636628,-1.0161075,-0.365662,1.3636486,-1.0161054,-0.3656265,1.3636273,-1.0161075,-0.3656336,1.3636699,-1.0161054,-0.3656549,1.3637053,-1.0161047,-0.3656832,1.3636769,-1.0161061,-0.3656761,1.363684,-1.016104,-0.3656549,1.3636557,-1.0161054,-0.3656407,1.3636769,-1.0161047,-0.365662,1.3636911,-1.016104,-0.3656691,1.363684,-1.0161061,-0.3656761,1.3636557,-1.0161075,-0.365662,1.3636769,-1.0161082,-0.3656974,1.3636273,-1.0161097,-0.3656549,1.3636982,-1.0161097,-0.3657187,1.3636699,-1.0161082,-0.3656832,1.3636699,-1.0161047,-0.3656549,1.3636415,-1.0161061,-0.3656407,1.3636486,-1.0161054,-0.3656265,1.3636628,-1.016104,-0.3656407,1.3636911,-1.0161012,-0.3656336,1.3636273,-1.0161054,-0.3656124,1.3636344,-1.0161012,-0.3655769,1.3636273,-1.0161012,-0.3655698,1.3636486,-1.016099,-0.3655698,1.3636557,-1.0160997,-0.365584,1.3636273,-1.0160997,-0.3655627,1.3636273,-1.0160983,-0.3655486,1.3636132,-1.0161019,-0.3655698,1.3636769,-1.0161033,-0.3656478,1.3636769,-1.0161054,-0.365662,1.363684,-1.016104,-0.3656549,1.363684,-1.0161033,-0.3656549,1.3636769,-1.0161019,-0.3656336,1.363684,-1.0161012,-0.3656265,1.3636486,-1.0161019,-0.3656053,1.3636415,-1.0161019,-0.365584,1.3636769,-1.0160997,-0.3656124,1.363684,-1.0160962,-0.365584,1.3636273,-1.0160997,-0.3655627,1.3636557,-1.0160976,-0.3655698,1.3636344,-1.0160997,-0.3655627,1.3636415,-1.0160976,-0.3655557,1.3636911,-1.0161019,-0.3656407,1.3636769,-1.016104,-0.3656478,1.3636911,-1.0161054,-0.3656761,1.3636911,-1.0161047,-0.3656761,1.3636273,-1.0161054,-0.3656053,1.3636344,-1.0161033,-0.3655982,1.3636557,-1.0161054,-0.3656407,1.3636769,-1.016104,-0.3656478,1.363684,-1.0161054,-0.365662,1.3636628,-1.0161061,-0.3656549,1.3636769,-1.0161047,-0.365662,1.363684,-1.016104,-0.365662,1.3636911,-1.016104,-0.365662,1.3637124,-1.0161047,-0.3656903,1.3637124,-1.0161061,-0.3657045,1.3636769,-1.0161082,-0.3656903,1.3637407,-1.0161054,-0.3657258,1.3637336,-1.0161118,-0.3657754,1.3636911,-1.0161104,-0.3657258,1.3637124,-1.0161118,-0.3657612,1.3637266,-1.0161125,-0.3657825,1.3637407,-1.0161097,-0.3657612,1.363684,-1.0161118,-0.3657258,1.3636982,-1.0161125,-0.3657541,1.3636982,-1.0161139,-0.3657612,1.3636982,-1.0161146,-0.3657754,1.3637195,-1.0161146,-0.3657896,1.3637053,-1.0161146,-0.3657754,1.3637195,-1.0161139,-0.3657825,1.3637478,-1.0161125,-0.3657966,1.3637336,-1.0161118,-0.3657754,1.3637478,-1.0161118,-0.3657966,1.3637407,-1.0161139,-0.3658037,1.3637478,-1.0161139,-0.3658108,1.363684,-1.016116,-0.3657754,1.363762,-1.0161139,-0.365825,1.3637549,-1.0161125,-0.3658108,1.3637124,-1.0161139,-0.3657754,1.3637407,-1.0161139,-0.3658037,1.3636769,-1.0161139,-0.3657399,1.3637124,-1.0161125,-0.3657612,1.3637053,-1.0161125,-0.3657612,1.3636982,-1.0161118,-0.3657399,1.3636557,-1.0161118,-0.3657045,1.3637124,-1.0161104,-0.365747,1.3637124,-1.0161104,-0.365747,1.3637336,-1.0161104,-0.3657683,1.3637195,-1.0161118,-0.3657612,1.3637053,-1.0161104,-0.3657399,1.3637124,-1.0161097,-0.3657399,1.3637336,-1.0161104,-0.3657683,1.3637124,-1.0161118,-0.3657541,1.3637124,-1.0161125,-0.3657683,1.3636982,-1.0161104,-0.3657258,1.3635494,-1.0161047,-0.3655273,1.363599,-1.0161054,-0.365584,1.3636273,-1.0161019,-0.3655769,1.3636628,-1.0161054,-0.3656407,1.3636911,-1.0161047,-0.3656691,1.3636769,-1.016104,-0.3656478,1.3636486,-1.0161097,-0.3656761,1.3636699,-1.0161061,-0.365662,1.3636628,-1.0161033,-0.3656336,1.3636699,-1.0161033,-0.3656336,1.3637053,-1.0161054,-0.3656832,1.3636769,-1.0161047,-0.3656549,1.3637124,-1.0161033,-0.3656691,1.3637124,-1.016104,-0.3656832,1.3637266,-1.016104,-0.3656974,1.3636911,-1.0161061,-0.3656832,1.363684,-1.016104,-0.3656549,1.3636699,-1.0161047,-0.3656478,1.3637053,-1.0161019,-0.3656549,1.3636699,-1.016104,-0.3656407,1.363684,-1.0161054,-0.365662,1.3636557,-1.0161047,-0.3656407,1.363684,-1.0161019,-0.3656336,1.3636486,-1.0161019,-0.3656053,1.3636557,-1.0161019,-0.3656124,1.3636557,-1.0161033,-0.3656265,1.3636769,-1.0161033,-0.3656336,1.3636557,-1.0161019,-0.3656053,1.3636557,-1.0161019,-0.3656124,1.3636769,-1.016104,-0.3656478,1.3636769,-1.016104,-0.3656549,1.3636628,-1.0161061,-0.3656549,1.3636557,-1.0161075,-0.365662,1.3636911,-1.016104,-0.3656691,1.363684,-1.0161047,-0.365662,1.3636769,-1.016104,-0.3656478,1.3636628,-1.0161054,-0.3656478,1.3636699,-1.0161047,-0.3656549,1.3636699,-1.0161061,-0.365662,1.3636415,-1.0161082,-0.3656549,1.3636911,-1.0161054,-0.3656761,1.363684,-1.0161075,-0.3656832,1.3636628,-1.0161075,-0.3656691,1.3636628,-1.0161075,-0.365662,1.3636628,-1.0161047,-0.3656407,1.3636202,-1.0161061,-0.3656194,1.3636486,-1.0161047,-0.3656265,1.3636415,-1.016104,-0.3656194,1.3636415,-1.0161033,-0.3656053,1.3636557,-1.0161019,-0.3656124,1.3636628,-1.0161012,-0.3656053,1.3636557,-1.0160997,-0.3655911,1.3636982,-1.0160997,-0.3656265,1.3636769,-1.0160997,-0.3656124,1.3636628,-1.0161019,-0.3656124,1.3636769,-1.0161033,-0.3656336,1.3636344,-1.0161047,-0.3656124,1.3636273,-1.0161061,-0.3656194,1.3636344,-1.0161061,-0.3656265,1.3636132,-1.0161047,-0.3655911,1.3636415,-1.0161054,-0.3656194,1.3636415,-1.0161061,-0.3656407,1.3636628,-1.0161047,-0.3656407,1.3636699,-1.016104,-0.3656407,1.3636486,-1.0161033,-0.3656124,1.3636415,-1.0161019,-0.365584,1.3636415,-1.016104,-0.3656194,1.3636557,-1.016104,-0.3656265,1.3636628,-1.016104,-0.3656407,1.3636628,-1.0161054,-0.3656478,1.3636557,-1.0161047,-0.3656336,1.3636415,-1.016104,-0.3656124,1.3636344,-1.0161033,-0.3655911,1.3636415,-1.016104,-0.3656124,1.3636628,-1.0161033,-0.3656265,1.3636344,-1.0161019,-0.365584,1.3636557,-1.0161033,-0.3656194,1.3636628,-1.0161019,-0.3656124,1.363684,-1.0161019,-0.3656407,1.3636699,-1.0161019,-0.3656265,1.3636344,-1.0161019,-0.365584,1.3636415,-1.0161054,-0.3656265,1.3636557,-1.0161033,-0.3656194,1.3636557,-1.016104,-0.3656336,1.3636486,-1.016104,-0.3656265,1.3636769,-1.0161033,-0.3656407,1.363684,-1.0161012,-0.3656336,1.3637053,-1.0161019,-0.3656549,1.3637195,-1.0160997,-0.3656549,1.3637336,-1.016104,-0.3657116,1.3636911,-1.0161054,-0.3656761,1.3636982,-1.0161033,-0.365662,1.3636486,-1.0161019,-0.3656053,1.3637266,-1.0160997,-0.3656549,1.3636628,-1.0161075,-0.365662,1.3636982,-1.0161097,-0.3657187,1.363684,-1.0161118,-0.3657329,1.3636982,-1.0161139,-0.3657683,1.3636982,-1.0161125,-0.3657541,1.3636628,-1.0161139,-0.3657258,1.363684,-1.0161125,-0.3657399,1.3637053,-1.0161118,-0.365747,1.3636699,-1.0161118,-0.3657187,1.363762,-1.0161097,-0.3657825,1.3637407,-1.0161097,-0.3657612,1.3636699,-1.016116,-0.3657541,1.3636911,-1.0161146,-0.3657612,1.363684,-1.0161125,-0.3657399,1.363684,-1.0161168,-0.3657825,1.3636982,-1.016116,-0.3657825,1.3637336,-1.0161125,-0.3657896,1.3637266,-1.0161146,-0.3658037,1.3637478,-1.0161168,-0.3658463,1.3637195,-1.0161224,-0.3658675,1.3637407,-1.0161253,-0.3659171,1.3636911,-1.0161267,-0.3658817,1.3637336,-1.0161253,-0.36591,1.363684,-1.0161274,-0.3658817,1.3637053,-1.0161253,-0.3658817,1.3637124,-1.0161231,-0.3658746,1.3636769,-1.0161246,-0.3658392,1.3637053,-1.0161231,-0.3658675,1.3637195,-1.0161246,-0.3658888,1.3637336,-1.0161224,-0.3658817,1.3637195,-1.0161224,-0.3658675,1.363762,-1.0161231,-0.3659171,1.3637336,-1.0161246,-0.365903,1.3637407,-1.0161246,-0.36591,1.3637266,-1.0161253,-0.365903,1.3637266,-1.0161246,-0.3658959,1.3637691,-1.0161246,-0.3659384,1.3637549,-1.0161246,-0.3659242,1.3637478,-1.0161246,-0.36591,1.3637266,-1.0161246,-0.3658959,1.3637266,-1.0161224,-0.3658746,1.3637195,-1.0161224,-0.3658675,1.3637478,-1.0161224,-0.3658888,1.3637336,-1.0161224,-0.3658817,1.3637478,-1.0161231,-0.365903,1.3637407,-1.0161224,-0.3658888,1.3637478,-1.0161231,-0.365903,1.3637124,-1.0161231,-0.3658675,1.3637195,-1.0161246,-0.3658888,1.3637549,-1.0161246,-0.3659242,1.3637478,-1.0161267,-0.3659384,1.3637691,-1.0161231,-0.3659242,1.3637549,-1.0161224,-0.365903,1.363762,-1.0161224,-0.36591,1.3637407,-1.0161224,-0.3658817,1.3637336,-1.0161224,-0.3658817,1.363762,-1.0161203,-0.3658888,1.3637549,-1.0161224,-0.365903,1.3637478,-1.0161231,-0.36591,1.3637407,-1.016121,-0.3658746,1.3637691,-1.0161253,-0.3659526,1.3637336,-1.0161267,-0.3659242,1.3637478,-1.0161231,-0.365903,1.3637336,-1.0161231,-0.3658888,1.3637266,-1.0161253,-0.3658959,1.3637124,-1.0161274,-0.3659171,1.363762,-1.0161274,-0.3659597,1.3637336,-1.0161295,-0.3659526,1.3637266,-1.0161288,-0.3659384,1.363684,-1.0161295,-0.365903,1.3636982,-1.0161274,-0.3658959,1.3636699,-1.0161309,-0.3658959,1.3636699,-1.0161309,-0.365903,1.3636628,-1.0161323,-0.365903,1.3636982,-1.0161288,-0.365903,1.363684,-1.0161295,-0.36591,1.3636982,-1.0161274,-0.3658959,1.3636982,-1.0161274,-0.3658959,1.3636982,-1.0161274,-0.3658959,1.3637053,-1.0161253,-0.3658817,1.3636769,-1.0161253,-0.3658533,1.3636911,-1.0161253,-0.3658675,1.3636415,-1.0161267,-0.3658321,1.3636628,-1.0161253,-0.3658392,1.3636557,-1.0161267,-0.3658463,1.3636628,-1.0161253,-0.3658392,1.3636061,-1.0161224,-0.3657541,1.3636202,-1.0161224,-0.3657683,1.3636132,-1.0161224,-0.3657541,1.3636273,-1.016121,-0.3657683,1.3636486,-1.0161182,-0.3657541,1.3636132,-1.0161182,-0.3657187,1.363599,-1.0161182,-0.3657116,1.3636273,-1.0161203,-0.3657541,1.3635919,-1.0161203,-0.3657258,1.3635706,-1.0161189,-0.3656832,1.3636202,-1.0161189,-0.3657399,1.3636132,-1.0161168,-0.3657116,1.3635706,-1.016116,-0.3656549,1.3635777,-1.0161146,-0.3656478,1.363599,-1.0161139,-0.3656691,1.363599,-1.0161139,-0.3656691,1.363599,-1.0161125,-0.3656478,1.3636061,-1.0161125,-0.365662,1.3636202,-1.0161139,-0.3656832,1.3636202,-1.0161125,-0.3656761,1.3635635,-1.0161075,-0.3655698,1.3634856,-1.0161061,-0.3654777,1.3635494,-1.0161075,-0.3655486,1.363599,-1.0161054,-0.3655911,1.3635848,-1.0161047,-0.3655698,1.3635635,-1.0161033,-0.3655273,1.3635423,-1.016104,-0.3655202,1.3635423,-1.0161061,-0.3655344,1.363443,-1.0160983,-0.3653643,1.3634643,-1.0160976,-0.3653785,1.3635423,-1.0160976,-0.3654564,1.3635494,-1.0160976,-0.3654564,1.3635281,-1.0160955,-0.365421,1.3634714,-1.0160912,-0.3653218,1.3635068,-1.0160912,-0.3653501,1.3635139,-1.0160905,-0.3653501,1.3634997,-1.0160898,-0.3653359,1.3634856,-1.0160863,-0.3652934,1.3634572,-1.0160849,-0.3652438,1.3634785,-1.0160849,-0.3652651,1.363436,-1.0160813,-0.3651942,1.3634076,-1.0160799,-0.3651517,1.3634005,-1.0160771,-0.3651162,1.3633722,-1.0160778,-0.3650879,1.3634289,-1.0160799,-0.3651729,1.3634289,-1.0160778,-0.3651517,1.363443,-1.0160806,-0.3651871,1.3634997,-1.0160827,-0.3652721,1.3634147,-1.0160834,-0.3651942,1.3632942,-1.0160693,-0.3649319,1.3633651,-1.0160707,-0.3650241,1.3633722,-1.0160707,-0.3650312,1.3633793,-1.0160714,-0.3650453,1.3634289,-1.0160728,-0.365102,1.363436,-1.0160714,-0.3650949,1.3634147,-1.0160678,-0.3650453,1.3634289,-1.0160686,-0.3650595,1.3633863,-1.0160671,-0.3650099,1.3633793,-1.0160657,-0.3649815,1.363443,-1.0160693,-0.3650879,1.3634856,-1.0160707,-0.3651375,1.3634856,-1.0160707,-0.3651375,1.3634643,-1.0160721,-0.3651375,1.3634218,-1.0160771,-0.3651375,1.3634643,-1.0160756,-0.3651658,1.3634289,-1.0160707,-0.3650949,1.3634501,-1.0160693,-0.3650879,1.3634218,-1.0160707,-0.3650737,1.3634643,-1.0160721,-0.3651375,1.3634501,-1.0160714,-0.3651162,1.3634643,-1.0160742,-0.3651517,1.3634856,-1.0160714,-0.3651446,1.3634572,-1.0160735,-0.3651446,1.3634714,-1.0160721,-0.3651375,1.3634501,-1.0160728,-0.3651233,1.3634997,-1.0160707,-0.3651517,1.3634714,-1.0160728,-0.3651446,1.3634643,-1.0160742,-0.3651517,1.363436,-1.0160764,-0.3651446,1.3634289,-1.0160764,-0.3651375,1.3634643,-1.0160756,-0.3651587,1.3634572,-1.0160756,-0.3651517,1.3634714,-1.0160764,-0.36518,1.3634643,-1.0160749,-0.3651587,1.3634572,-1.0160764,-0.3651658,1.3634714,-1.0160764,-0.3651729,1.3634714,-1.0160771,-0.3651871,1.3634785,-1.0160785,-0.3652084,1.3634927,-1.0160778,-0.3652225,1.3634785,-1.0160778,-0.3652013,1.3634501,-1.0160792,-0.3651871,1.3634785,-1.0160771,-0.3652013,1.3634785,-1.0160778,-0.3652013,1.3634147,-1.0160827,-0.3651942,1.3634856,-1.0160785,-0.3652154,1.3634785,-1.0160778,-0.3652013,1.3634714,-1.0160778,-0.3651942,1.3634785,-1.0160778,-0.3652084,1.3634927,-1.0160778,-0.3652154,1.3635068,-1.0160764,-0.3652154,1.3634927,-1.0160771,-0.3652084,1.3635139,-1.0160749,-0.3652084,1.3635068,-1.0160756,-0.3652013,1.3634714,-1.0160764,-0.3651729,1.3634856,-1.0160778,-0.3652084,1.3634785,-1.0160785,-0.3652013,1.3634997,-1.0160764,-0.3652013,1.3634856,-1.0160764,-0.3651871,1.3634643,-1.0160778,-0.36518,1.3634501,-1.0160778,-0.36518,1.3634927,-1.0160771,-0.3652084,1.3634785,-1.0160778,-0.3652013,1.3634997,-1.0160771,-0.3652154,1.3634643,-1.0160778,-0.3651871,1.3634643,-1.0160799,-0.3652154,1.3634005,-1.0160771,-0.3651162,1.3634076,-1.0160764,-0.3651162,1.363443,-1.0160749,-0.3651375,1.3634785,-1.0160742,-0.3651658,1.363436,-1.0160764,-0.3651446,1.3634643,-1.0160764,-0.3651729,1.3634501,-1.0160778,-0.3651658,1.3634501,-1.0160778,-0.36518,1.3634572,-1.0160799,-0.3651942,1.3634643,-1.0160792,-0.3652013,1.3634643,-1.0160785,-0.3652013,1.3634714,-1.0160778,-0.3651942,1.3634572,-1.0160778,-0.36518,1.3634289,-1.0160785,-0.3651587,1.363443,-1.0160792,-0.36518,1.3634643,-1.0160778,-0.3651942,1.363436,-1.0160806,-0.3651871,1.3634501,-1.0160799,-0.3651871,1.363443,-1.0160806,-0.3651871,1.3634501,-1.0160792,-0.3651871,1.3634147,-1.0160813,-0.3651729,1.363443,-1.0160806,-0.3651871,1.3634572,-1.0160813,-0.3652154,1.3634856,-1.0160778,-0.3652084,1.3634501,-1.0160785,-0.3651729,1.3634856,-1.0160771,-0.3652013,1.3634785,-1.0160778,-0.3652013,1.3634997,-1.0160799,-0.3652367,1.3634785,-1.0160806,-0.3652225,1.3634785,-1.0160806,-0.3652225,1.3634856,-1.0160806,-0.3652296,1.3634714,-1.0160813,-0.3652296,1.3634714,-1.0160813,-0.3652225,1.3635068,-1.0160827,-0.3652792,1.3634785,-1.0160834,-0.3652509,1.3634643,-1.0160834,-0.3652438,1.3634714,-1.0160827,-0.3652438,1.3634643,-1.0160849,-0.365258,1.3634714,-1.016087,-0.3652792,1.3634643,-1.0160884,-0.3652863,1.3634927,-1.0160856,-0.3652934,1.3634927,-1.0160856,-0.3652934,1.3634785,-1.0160863,-0.3652792,1.3634785,-1.016087,-0.3652863,1.3634856,-1.0160856,-0.3652863,1.3634785,-1.0160863,-0.3652792,1.3634856,-1.0160856,-0.3652792,1.3635139,-1.0160849,-0.3652934,1.3634997,-1.0160849,-0.3652934,1.3634997,-1.0160856,-0.3653005,1.3634927,-1.0160834,-0.3652792,1.3634785,-1.0160863,-0.3652792,1.3634997,-1.0160856,-0.3653005,1.3634927,-1.0160884,-0.3653076,1.3634785,-1.0160856,-0.3652792,1.3634856,-1.0160884,-0.3653076,1.3634643,-1.0160898,-0.3653076,1.3634785,-1.0160884,-0.3653005,1.3634714,-1.0160898,-0.3653076,1.3634997,-1.0160891,-0.3653218,1.3634714,-1.0160891,-0.3653076,1.3634856,-1.0160884,-0.3653076,1.3634997,-1.0160891,-0.3653288,1.3634927,-1.0160905,-0.3653359,1.3634927,-1.0160898,-0.3653288,1.3634572,-1.0160884,-0.3652792,1.3634927,-1.0160891,-0.3653147,1.3634856,-1.0160898,-0.3653288,1.3634643,-1.0160884,-0.3652863,1.3634997,-1.016087,-0.3653076,1.3634927,-1.0160877,-0.3653076,1.3634997,-1.016087,-0.3653076,1.3635352,-1.0160849,-0.3653218,1.3634927,-1.0160849,-0.3652863,1.3635068,-1.0160834,-0.3652863,1.3634997,-1.0160849,-0.3652863,1.3635139,-1.0160849,-0.3653076,1.3635068,-1.0160856,-0.3653076,1.363521,-1.0160891,-0.3653501,1.3634997,-1.0160934,-0.3653714,1.3635068,-1.0160941,-0.3653926,1.3635352,-1.0160934,-0.3654068,1.363521,-1.0160912,-0.3653714,1.3635352,-1.0160941,-0.3654139,1.3635139,-1.0160948,-0.3653926,1.363521,-1.0160941,-0.3653997,1.3635352,-1.0160919,-0.3653926,1.3635068,-1.0160934,-0.3653785,1.3635068,-1.0160934,-0.3653785,1.3635068,-1.0160927,-0.3653714,1.363521,-1.0160898,-0.3653572,1.363521,-1.0160891,-0.3653501,1.363521,-1.0160891,-0.3653501,1.3635352,-1.0160905,-0.3653714,1.3635281,-1.0160912,-0.3653785,1.3635281,-1.0160927,-0.3653926,1.363521,-1.0160934,-0.3653926,1.3635423,-1.0160934,-0.3654068,1.3635281,-1.0160948,-0.3654139,1.3635281,-1.0160941,-0.3654068,1.3635423,-1.0160912,-0.3653926,1.3635068,-1.0160927,-0.3653643,1.3635139,-1.0160919,-0.3653714,1.3635281,-1.0160891,-0.3653572,1.3635352,-1.0160891,-0.3653643,1.3635068,-1.0160927,-0.3653643,1.363521,-1.0160941,-0.3653997,1.3635352,-1.0160969,-0.3654352,1.3635494,-1.0160955,-0.3654423,1.363521,-1.0160969,-0.3654281,1.363521,-1.0160962,-0.365421,1.3634997,-1.0160941,-0.3653855,1.3635139,-1.0160948,-0.3653926,1.3635068,-1.0160976,-0.3654139,1.3635139,-1.0160983,-0.3654423,1.3635139,-1.0161012,-0.3654564,1.3635281,-1.0160997,-0.3654564,1.363521,-1.0161012,-0.3654635,1.3635139,-1.0160997,-0.3654493,1.3635352,-1.0160976,-0.3654493,1.3635281,-1.0160955,-0.365421,1.3635352,-1.0160955,-0.3654352,1.363521,-1.0160955,-0.3654139,1.3634997,-1.0160976,-0.3654139,1.3635352,-1.0160955,-0.3654281,1.3635423,-1.0160955,-0.3654352,1.3635281,-1.0160962,-0.3654352,1.363521,-1.0160969,-0.365421,1.3635139,-1.0160976,-0.3654281,1.363521,-1.0160976,-0.3654423,1.3635068,-1.0160997,-0.3654423,1.3635068,-1.0161012,-0.3654493,1.363521,-1.0160997,-0.3654564,1.3634927,-1.0160997,-0.365421,1.3634997,-1.0161012,-0.3654423,1.3634927,-1.0161012,-0.3654352,1.3634997,-1.0161019,-0.3654564,1.3635139,-1.0161012,-0.3654564,1.3634997,-1.0161033,-0.3654635,1.3635281,-1.0160997,-0.3654564,1.3634997,-1.0161012,-0.3654423,1.3634997,-1.0161012,-0.3654493,1.3635352,-1.0160983,-0.3654564,1.3634643,-1.0160997,-0.3653997,1.3635139,-1.0160997,-0.3654423,1.3634997,-1.0160997,-0.3654352,1.363521,-1.0161012,-0.3654706,1.3635068,-1.0161019,-0.3654564,1.3634643,-1.0160997,-0.3653926,1.363443,-1.0160919,-0.3653005,1.3632942,-1.0160827,-0.3650666,1.3633509,-1.0160792,-0.3650879,1.3634289,-1.0160827,-0.3651942,1.363443,-1.0160834,-0.3652225,1.3634643,-1.0160827,-0.3652296,1.3634785,-1.0160877,-0.3652934,1.3634572,-1.0160898,-0.3652934,1.3634927,-1.0160919,-0.3653501,1.3634572,-1.0160884,-0.3652792,1.3634856,-1.0160884,-0.3653076,1.363443,-1.0160905,-0.3652863,1.3634856,-1.0160912,-0.3653288,1.3634785,-1.0160912,-0.3653288,1.3634572,-1.0160919,-0.3653218,1.3634785,-1.0160891,-0.3653076,1.363436,-1.0160934,-0.3653076,1.3634501,-1.0160919,-0.3653147,1.363436,-1.0160891,-0.3652651,1.3634218,-1.0160891,-0.3652509,1.3634856,-1.0160884,-0.3653147,1.3634785,-1.0160912,-0.3653288,1.3634643,-1.0160934,-0.365343,1.363443,-1.0160912,-0.3652934,1.3634785,-1.0160891,-0.3653147,1.3634643,-1.0160898,-0.3653076,1.3634501,-1.0160919,-0.3653147,1.3634501,-1.0160905,-0.3652863,1.3634572,-1.0160891,-0.3652863,1.3634643,-1.0160912,-0.3653147,1.363436,-1.0160891,-0.3652721,1.363436,-1.0160898,-0.3652792,1.3634785,-1.016087,-0.3652863,1.3634714,-1.0160884,-0.3652934,1.3634714,-1.016087,-0.3652863,1.3634501,-1.016087,-0.3652651,1.3634856,-1.0160863,-0.3652934,1.3634714,-1.0160863,-0.3652792,1.3634643,-1.0160856,-0.365258,1.3634856,-1.0160849,-0.3652792,1.3634927,-1.0160856,-0.3652934,1.3635139,-1.0160849,-0.3653076,1.3635068,-1.016087,-0.3653147,1.3634572,-1.0160863,-0.365258,1.363443,-1.0160856,-0.3652438,1.3634005,-1.0160813,-0.3651517,1.3634643,-1.0160849,-0.365258,1.3634785,-1.016087,-0.3652934,1.3634997,-1.0160884,-0.3653218,1.363521,-1.0160891,-0.3653501,1.3635068,-1.0160912,-0.3653643,1.3634997,-1.0160898,-0.3653359,1.363521,-1.0160898,-0.3653643,1.3635068,-1.0160934,-0.3653785,1.363521,-1.0160948,-0.3654068,1.3634997,-1.0160955,-0.3653926,1.3635352,-1.0160934,-0.3654068,1.3635281,-1.0160934,-0.3654139,1.3635281,-1.0160941,-0.3654139,1.3635068,-1.0160948,-0.3653926,1.3635281,-1.0160912,-0.3653785,1.3635564,-1.0160891,-0.3653855,1.363521,-1.0160919,-0.3653785,1.3635281,-1.0160927,-0.3653855,1.3635281,-1.0160919,-0.3653855,1.3635139,-1.0160912,-0.3653643,1.3635068,-1.0160912,-0.3653501,1.3634997,-1.0160934,-0.3653714,1.3635139,-1.0160927,-0.3653785,1.3635423,-1.0160891,-0.3653714,1.363521,-1.0160912,-0.3653714,1.3635281,-1.0160884,-0.3653501,1.363521,-1.0160898,-0.3653643,1.3634997,-1.0160877,-0.3653218,1.3635068,-1.0160884,-0.3653288,1.3634997,-1.0160884,-0.3653147,1.3634856,-1.0160955,-0.3653785,1.3635068,-1.0160955,-0.3653997,1.3635564,-1.0160969,-0.3654564,1.3635635,-1.016099,-0.3654848,1.3635494,-1.0161012,-0.3654919,1.3635494,-1.0160997,-0.3654777,1.3634997,-1.0160955,-0.3653855,1.363521,-1.0160955,-0.3654139,1.363521,-1.0160955,-0.365421,1.3635352,-1.0160955,-0.3654281,1.3635706,-1.0160962,-0.3654706,1.3635777,-1.0160997,-0.3655131,1.3635635,-1.0160997,-0.365499,1.3635494,-1.0160976,-0.3654635,1.3635706,-1.0160969,-0.3654706,1.363521,-1.0160983,-0.3654423,1.3635494,-1.0160948,-0.3654423,1.3635706,-1.0160962,-0.3654706,1.3635635,-1.016099,-0.3654919,1.3635494,-1.0160997,-0.3654777,1.3635068,-1.0161012,-0.3654493,1.3635494,-1.0160976,-0.3654635,1.3635352,-1.0160976,-0.3654423,1.3635706,-1.0160976,-0.3654848,1.3635281,-1.0161019,-0.3654848,1.3635494,-1.0161019,-0.365506,1.3635635,-1.0161012,-0.365506,1.3635281,-1.0161019,-0.3654777,1.363521,-1.0161033,-0.3654848,1.363521,-1.0161019,-0.3654777,1.363521,-1.0160997,-0.3654564,1.3635068,-1.0160997,-0.3654423,1.363521,-1.0161012,-0.3654635,1.3635423,-1.016099,-0.3654706,1.3635281,-1.0160997,-0.3654564,1.3635494,-1.0160976,-0.3654635,1.3635635,-1.016099,-0.3654919,1.3635706,-1.0161033,-0.3655344,1.3635777,-1.0161033,-0.3655486,1.3635635,-1.0161033,-0.3655273,1.3635494,-1.0161054,-0.3655344,1.3635352,-1.016104,-0.365506,1.3635352,-1.0161033,-0.365499,1.3635564,-1.016104,-0.3655273,1.3635139,-1.0161033,-0.3654777,1.3635352,-1.0161012,-0.3654777,1.3635423,-1.0161012,-0.3654848,1.363521,-1.0160997,-0.3654564,1.3635706,-1.0160997,-0.365499,1.3635635,-1.0161019,-0.3655202,1.3635635,-1.0161019,-0.3655131,1.3635706,-1.0161054,-0.3655557,1.3635564,-1.0161061,-0.3655557,1.3635494,-1.0161054,-0.3655344,1.3635423,-1.016104,-0.3655131,1.3635494,-1.016104,-0.3655202,1.3635352,-1.016104,-0.365506,1.3635635,-1.016104,-0.3655415,1.3635564,-1.0161047,-0.3655344,1.3636132,-1.016104,-0.3655911,1.3635706,-1.0161033,-0.3655415,1.3635494,-1.0161033,-0.3655202,1.3635352,-1.016104,-0.3655131,1.3635848,-1.0161019,-0.3655344,1.3635564,-1.0161033,-0.3655202,1.3635494,-1.016104,-0.3655273,1.3635706,-1.016104,-0.3655486,1.3635564,-1.0161054,-0.3655415,1.3635635,-1.0161033,-0.3655273,1.3635777,-1.016104,-0.3655557,1.3635777,-1.0161054,-0.3655627,1.3635848,-1.0161061,-0.365584,1.3635564,-1.0161061,-0.3655557,1.3635777,-1.016104,-0.3655557,1.3635494,-1.0161061,-0.3655415,1.3635635,-1.0161047,-0.3655486,1.3635635,-1.0161054,-0.3655486,1.3635635,-1.016104,-0.3655344,1.363521,-1.0161082,-0.3655344,1.3635706,-1.016104,-0.3655486,1.3635564,-1.0161047,-0.3655486,1.363599,-1.0161033,-0.3655627,1.3635423,-1.016104,-0.3655131,1.3635281,-1.016104,-0.365506,1.3635494,-1.0161033,-0.3655131,1.3635564,-1.0161019,-0.365506,1.3635635,-1.016099,-0.3654848,1.3634501,-1.0160934,-0.3653218,1.3634714,-1.0160955,-0.3653572,1.363521,-1.0160962,-0.3654281,1.3635068,-1.0160969,-0.3654068,1.3634997,-1.0161019,-0.3654564,1.3635777,-1.0160997,-0.365506,1.3635635,-1.0161019,-0.3655131,1.3635777,-1.0161033,-0.3655344,1.3635494,-1.016104,-0.3655273,1.3635777,-1.016104,-0.3655486,1.3635423,-1.016104,-0.3655202,1.3635494,-1.0161033,-0.3655131,1.3636132,-1.0161054,-0.3655982,1.3635706,-1.0161075,-0.3655769,1.3635706,-1.0161075,-0.365584,1.3635564,-1.0161075,-0.3655627,1.3635777,-1.016104,-0.3655557,1.3635564,-1.0161047,-0.3655415,1.3635635,-1.0161019,-0.3655131,1.3635706,-1.0160997,-0.365506,1.3635494,-1.0161019,-0.365506,1.3635564,-1.0161012,-0.365506,1.363521,-1.0161012,-0.3654706
2020-05-11.out.11,0.0,1.3635423,-1.0160997,-0.3654706,1.3635564,-1.0161012,-0.365499,1.3635777,-1.0160997,-0.365506,1.3635281,-1.0161033,-0.3654919,1.3635352,-1.0161019,-0.3654919,1.3635068,-1.0161047,-0.3654919,1.3635564,-1.0161033,-0.3655202,1.3635564,-1.0161033,-0.3655202,1.3635564,-1.0161012,-0.365506,1.3634927,-1.016099,-0.365421,1.3635281,-1.0160983,-0.3654493,1.363521,-1.0160997,-0.3654564,1.3635494,-1.0160976,-0.3654635,1.3635564,-1.0160969,-0.3654564,1.3635423,-1.0160976,-0.3654564,1.3635352,-1.016099,-0.3654635,1.3635423,-1.016099,-0.3654706,1.3635423,-1.0161012,-0.3654919,1.363521,-1.0161012,-0.3654635,1.3635494,-1.0161019,-0.365499,1.3635281,-1.0161012,-0.3654706,1.3635423,-1.0161012,-0.3654848,1.3635706,-1.0160997,-0.365506,1.3635564,-1.0160997,-0.3654919,1.3635352,-1.0160997,-0.3654777,1.3635564,-1.0160997,-0.3654848,1.3635352,-1.0160976,-0.3654493,1.3635494,-1.016099,-0.3654777,1.363521,-1.0160969,-0.365421,1.3635068,-1.0160955,-0.3653997,1.3634856,-1.0160927,-0.365343,1.3634714,-1.0160912,-0.3653288,1.363521,-1.0160948,-0.3654068,1.3635281,-1.0160948,-0.3654068,1.3635281,-1.0160934,-0.3653997,1.3635281,-1.0160955,-0.365421,1.3635139,-1.0160948,-0.3653997,1.3635281,-1.0160941,-0.3654068,1.3635352,-1.0160955,-0.3654352,1.3635564,-1.0160955,-0.3654493,1.3635281,-1.0160955,-0.365421,1.3635352,-1.0160927,-0.3653926,1.363521,-1.0160955,-0.3654139,1.3635352,-1.0160955,-0.3654352,1.3635635,-1.0160962,-0.3654564,1.3635635,-1.0160976,-0.3654777,1.3635635,-1.0160997,-0.3654919,1.3635281,-1.016099,-0.3654564,1.3635423,-1.016099,-0.3654706,1.3635139,-1.0160941,-0.3653926,1.3635423,-1.0160927,-0.3654068,1.3635423,-1.0160934,-0.3654139,1.363521,-1.0160955,-0.3654139,1.3635352,-1.0160948,-0.365421,1.363521,-1.0160912,-0.3653714,1.3634927,-1.0160934,-0.3653643,1.3635281,-1.0160934,-0.3653997,1.3635423,-1.0160955,-0.3654352,1.3635423,-1.0160969,-0.3654423,1.3635635,-1.0160934,-0.3654423,1.3635494,-1.0160912,-0.3653997,1.3634856,-1.0160948,-0.3653714,1.3634997,-1.0160891,-0.3653218,1.3634785,-1.0160877,-0.3652934,1.363521,-1.0160849,-0.3653147,1.3635423,-1.016087,-0.3653501,1.3635564,-1.0160891,-0.3653855,1.3635352,-1.0160912,-0.3653926,1.3635423,-1.0160919,-0.3654068,1.3635352,-1.0160898,-0.3653785,1.3635068,-1.0160863,-0.3653076,1.3634785,-1.0160849,-0.3652721,1.3634856,-1.016087,-0.3653005,1.3634714,-1.016087,-0.3652792,1.3635068,-1.0160849,-0.3652934,1.3635068,-1.0160863,-0.3653147,1.3634997,-1.0160856,-0.3652934,1.3635068,-1.0160834,-0.3652863,1.3635139,-1.0160834,-0.3652934,1.363521,-1.0160849,-0.3653076,1.363521,-1.0160856,-0.3653218,1.3634856,-1.0160849,-0.3652792,1.3635139,-1.0160827,-0.3652792,1.3634927,-1.0160834,-0.3652721,1.3635281,-1.0160827,-0.3653005,1.3635281,-1.0160849,-0.3653218,1.3635352,-1.0160856,-0.3653359,1.3634572,-1.0160827,-0.3652296,1.3634927,-1.0160834,-0.3652721,1.3634997,-1.0160849,-0.3652934,1.3635139,-1.0160863,-0.3653147,1.3635068,-1.016087,-0.3653076,1.363521,-1.0160863,-0.3653288,1.3634997,-1.0160863,-0.3653005,1.3634997,-1.0160877,-0.3653218,1.3635068,-1.0160849,-0.3653005,1.3634501,-1.0160849,-0.3652438,1.3634927,-1.0160834,-0.3652792,1.3635281,-1.0160834,-0.3653005,1.3634927,-1.0160863,-0.3653005,1.3634927,-1.0160849,-0.3652863,1.3634997,-1.0160856,-0.3653005,1.3635068,-1.0160856,-0.3653076,1.3635139,-1.0160884,-0.3653359,1.3635068,-1.0160891,-0.3653359,1.3634997,-1.016087,-0.3653076,1.3635423,-1.0160834,-0.3653218,1.3635139,-1.0160834,-0.3653005,1.3635423,-1.0160849,-0.3653288,1.3635635,-1.0160877,-0.3653785,1.3635494,-1.0160891,-0.3653785,1.3635281,-1.0160898,-0.3653643,1.3635139,-1.0160891,-0.365343,1.3635281,-1.016087,-0.3653359,1.3635352,-1.016087,-0.3653501,1.3635423,-1.0160884,-0.3653572,1.3635281,-1.0160891,-0.3653572,1.3635352,-1.016087,-0.365343,1.3635139,-1.0160898,-0.3653501,1.3635352,-1.0160891,-0.3653643,1.3635281,-1.0160927,-0.3653926,1.3635423,-1.0160898,-0.3653785,1.3635281,-1.0160912,-0.3653785,1.3635139,-1.0160912,-0.3653714,1.3635564,-1.0160912,-0.3654068,1.3635352,-1.0160912,-0.3653855,1.3635139,-1.0160912,-0.3653643,1.3634927,-1.0160927,-0.3653501,1.3635281,-1.0160912,-0.3653714,1.3635494,-1.0160884,-0.3653714,1.363521,-1.0160891,-0.3653501,1.3635564,-1.0160877,-0.3653714,1.3635564,-1.0160898,-0.3653926,1.3635848,-1.0160912,-0.3654352,1.3635281,-1.0160955,-0.365421,1.3635635,-1.0160919,-0.3654281,1.363521,-1.0160934,-0.3653926,1.3635564,-1.0160912,-0.3654068,1.363521,-1.0160934,-0.3653926,1.3635068,-1.0160927,-0.3653714,1.363521,-1.0160912,-0.3653714,1.3635281,-1.0160912,-0.3653785,1.3635352,-1.0160912,-0.3653855,1.3635281,-1.0160919,-0.3653855,1.3635281,-1.0160919,-0.3653855,1.3635281,-1.0160927,-0.3653855,1.363521,-1.0160919,-0.3653855,1.3635423,-1.0160912,-0.3653926,1.3635423,-1.0160912,-0.3653926,1.3635139,-1.0160905,-0.3653572,1.3635494,-1.0160912,-0.3654068,1.3635139,-1.0160912,-0.3653643,1.3635281,-1.0160891,-0.3653572,1.3635281,-1.0160905,-0.3653714,1.3635352,-1.0160891,-0.3653572,1.3635281,-1.0160912,-0.3653785,1.3635281,-1.0160905,-0.3653785,1.3635494,-1.0160891,-0.3653714,1.363521,-1.0160905,-0.3653643,1.3635494,-1.0160884,-0.3653714,1.3635423,-1.0160891,-0.3653785,1.3635139,-1.0160898,-0.3653501,1.3635564,-1.0160884,-0.3653714,1.3635635,-1.0160877,-0.3653855,1.3635494,-1.0160877,-0.3653643,1.3635494,-1.0160891,-0.3653785,1.3635564,-1.016087,-0.3653643,1.3635777,-1.0160856,-0.3653785,1.363521,-1.0160891,-0.3653501,1.3635423,-1.0160863,-0.365343,1.3635423,-1.016087,-0.3653501,1.3635139,-1.0160849,-0.3653005,1.3635635,-1.0160827,-0.3653288,1.363521,-1.0160834,-0.3653005,1.3635494,-1.0160813,-0.3653076,1.3635423,-1.0160834,-0.3653218,1.3635494,-1.0160813,-0.3653147,1.3635068,-1.0160856,-0.3653076,1.363521,-1.0160863,-0.3653218,1.3635423,-1.0160834,-0.3653218,1.3635352,-1.0160827,-0.3653005,1.3635352,-1.0160834,-0.3653147,1.3635494,-1.0160827,-0.3653218,1.3635494,-1.0160834,-0.3653288,1.3635423,-1.0160849,-0.3653288,1.3635139,-1.0160849,-0.3653076,1.3635139,-1.0160834,-0.3652934,1.3635068,-1.0160863,-0.3653076,1.3635352,-1.0160827,-0.3653005,1.3635352,-1.0160827,-0.3653076,1.3635281,-1.0160827,-0.3653005,1.3635139,-1.0160827,-0.3652792,1.3635352,-1.0160827,-0.3653005,1.3635423,-1.0160813,-0.3652934,1.3635352,-1.0160813,-0.3652934,1.3635494,-1.0160813,-0.3653076,1.3635423,-1.0160813,-0.3653005,1.3635494,-1.0160806,-0.3653005,1.3635635,-1.0160813,-0.3653218,1.3635423,-1.0160799,-0.3652863,1.3635139,-1.0160834,-0.3652934,1.3635777,-1.0160827,-0.3653501,1.363521,-1.0160856,-0.3653218,1.3635494,-1.0160849,-0.3653359,1.363521,-1.0160856,-0.3653218,1.3635423,-1.0160827,-0.3653147,1.3635352,-1.0160834,-0.3653147,1.3635281,-1.0160827,-0.3653005,1.3635423,-1.0160806,-0.3652934,1.363521,-1.0160792,-0.365258,1.3635564,-1.0160813,-0.3653218,1.3635494,-1.0160813,-0.3653076,1.3635564,-1.0160827,-0.3653218,1.363521,-1.0160827,-0.3652934,1.3635281,-1.0160806,-0.3652863,1.3635281,-1.0160827,-0.3653005,1.3635423,-1.0160813,-0.3653005,1.3635494,-1.0160827,-0.3653218,1.3635635,-1.0160799,-0.3653076,1.3635777,-1.0160813,-0.3653359,1.3635494,-1.0160813,-0.3653076,1.3635706,-1.0160806,-0.3653218,1.3635068,-1.0160834,-0.3652863,1.3635777,-1.0160813,-0.365343,1.3635919,-1.0160834,-0.3653714,1.3635706,-1.0160827,-0.365343,1.3635777,-1.0160827,-0.3653501,1.363599,-1.0160834,-0.3653714,1.3635494,-1.0160849,-0.365343,1.3635635,-1.0160849,-0.3653501,1.3635423,-1.0160849,-0.3653288,1.3635494,-1.0160849,-0.365343,1.3635564,-1.016087,-0.3653572,1.3635564,-1.0160863,-0.3653572,1.3635281,-1.0160849,-0.3653218,1.3635281,-1.0160834,-0.3653076,1.363521,-1.0160827,-0.3652934,1.3635352,-1.0160806,-0.3652863,1.3635777,-1.0160799,-0.3653218,1.3635352,-1.0160806,-0.3652863,1.3635494,-1.0160806,-0.3653005,1.3635281,-1.0160778,-0.3652509,1.3634856,-1.0160827,-0.365258,1.3635494,-1.0160806,-0.3653005,1.3635564,-1.0160778,-0.3652863,1.3635139,-1.0160806,-0.365258,1.3635635,-1.0160771,-0.3652792,1.3635635,-1.0160756,-0.365258,1.3635423,-1.0160792,-0.3652792,1.3635706,-1.0160756,-0.3652721,1.3635423,-1.0160756,-0.3652367,1.3635281,-1.0160771,-0.3652438,1.3636061,-1.0160721,-0.3652792,1.3635281,-1.0160764,-0.3652367,1.3635777,-1.0160771,-0.3652934,1.3635777,-1.0160799,-0.3653218,1.3635635,-1.0160799,-0.3653005,1.3636273,-1.0160799,-0.3653643,1.3635848,-1.0160792,-0.3653218,1.3635564,-1.0160792,-0.3652863,1.3635564,-1.0160813,-0.3653218,1.3635352,-1.0160813,-0.3652934,1.3635564,-1.0160799,-0.3652934,1.3635706,-1.0160785,-0.3653005,1.3635706,-1.0160778,-0.3652934,1.3635564,-1.0160778,-0.3652792,1.3635635,-1.0160785,-0.3653005,1.3635706,-1.0160778,-0.3652863,1.3635635,-1.0160764,-0.3652721,1.3635494,-1.0160785,-0.3652792,1.3635281,-1.0160785,-0.365258,1.3635564,-1.0160785,-0.3652863,1.3635494,-1.0160764,-0.365258,1.3635423,-1.0160764,-0.3652509,1.3635494,-1.0160764,-0.365258,1.3635564,-1.0160778,-0.3652792,1.3635564,-1.0160785,-0.3652863,1.3635494,-1.0160792,-0.3652863,1.3635635,-1.0160778,-0.3652863,1.3635423,-1.0160792,-0.3652792,1.3635706,-1.0160771,-0.3652792,1.3635564,-1.0160764,-0.3652651,1.3635635,-1.0160764,-0.3652721,1.3635706,-1.0160756,-0.3652721,1.3635281,-1.0160778,-0.3652509,1.3635423,-1.0160756,-0.3652438,1.3635635,-1.0160749,-0.365258,1.3635352,-1.0160728,-0.3652154,1.3635352,-1.0160721,-0.3652084,1.3635706,-1.0160707,-0.3652225,1.3635352,-1.0160707,-0.3651942,1.3635564,-1.0160707,-0.3652154,1.3635494,-1.0160742,-0.3652438,1.3635777,-1.0160749,-0.3652721,1.3635777,-1.0160728,-0.3652509,1.3635352,-1.0160742,-0.3652296,1.3635777,-1.0160735,-0.3652651,1.3635494,-1.0160742,-0.3652438,1.3635494,-1.0160749,-0.3652438,1.3635706,-1.0160721,-0.3652367,1.3635564,-1.01607,-0.3652013,1.3635494,-1.0160714,-0.3652154,1.3635706,-1.0160707,-0.3652225,1.3635635,-1.0160735,-0.3652509,1.3635494,-1.0160728,-0.3652367,1.3635919,-1.0160728,-0.3652651,1.3635068,-1.0160728,-0.3651871,1.3635635,-1.0160707,-0.3652154,1.3635494,-1.0160707,-0.3652084,1.3635423,-1.0160707,-0.3652013,1.3635919,-1.01607,-0.3652438,1.3635635,-1.0160707,-0.3652225,1.3635352,-1.0160728,-0.3652084,1.3635564,-1.01607,-0.3652084,1.3635494,-1.0160714,-0.3652084,1.3635777,-1.01607,-0.3652296,1.3635494,-1.0160721,-0.3652225,1.3635494,-1.01607,-0.3652013,1.3635564,-1.0160693,-0.3652013,1.3635494,-1.0160678,-0.36518,1.363599,-1.0160664,-0.3652154,1.3635706,-1.0160678,-0.3652013,1.3635068,-1.0160749,-0.3652013,1.3635635,-1.0160686,-0.3652013,1.3635423,-1.01607,-0.3651942,1.3635494,-1.0160657,-0.3651587,1.3635635,-1.0160657,-0.3651729,1.3635564,-1.016065,-0.3651587,1.3635635,-1.0160643,-0.3651658,1.363599,-1.016065,-0.3652013,1.3634927,-1.0160756,-0.3652013,1.3635494,-1.0160678,-0.36518,1.3635635,-1.016065,-0.3651729,1.3635564,-1.0160643,-0.3651517,1.363599,-1.0160643,-0.3651942,1.3635706,-1.0160686,-0.3652084,1.3635777,-1.0160664,-0.3651942,1.3635564,-1.0160671,-0.36518,1.3635706,-1.0160664,-0.3651871,1.3635423,-1.0160671,-0.3651658,1.3635494,-1.0160664,-0.3651729,1.3635706,-1.0160657,-0.3651729,1.3635423,-1.0160657,-0.3651517,1.3635564,-1.0160664,-0.3651729,1.3635635,-1.0160664,-0.3651871,1.3635919,-1.0160664,-0.3652084,1.3635777,-1.0160664,-0.3651942,1.3635564,-1.0160693,-0.3652013,1.3635919,-1.0160693,-0.3652296,1.3635635,-1.01607,-0.3652154,1.3635777,-1.0160714,-0.3652509,1.3635706,-1.0160707,-0.3652225,1.3635635,-1.0160686,-0.3652013,1.3635706,-1.0160678,-0.3652013,1.3635919,-1.0160671,-0.3652154,1.3635564,-1.0160678,-0.3651871,1.3635919,-1.0160643,-0.3651942,1.3635848,-1.0160693,-0.3652225,1.3635777,-1.0160693,-0.3652225,1.363599,-1.0160693,-0.3652438,1.3635919,-1.0160686,-0.3652225,1.3635706,-1.0160678,-0.3652013,1.3636132,-1.016065,-0.3652225,1.3635848,-1.0160671,-0.3652084,1.3635848,-1.0160664,-0.3652013,1.3635848,-1.0160657,-0.3651871,1.3635919,-1.0160657,-0.3652013,1.3635848,-1.0160657,-0.3652013,1.3635848,-1.0160643,-0.36518,1.3635919,-1.0160643,-0.3651871,1.3635706,-1.016065,-0.3651729,1.3635777,-1.0160657,-0.3651871,1.3635848,-1.0160643,-0.36518,1.3636061,-1.0160664,-0.3652225,1.3635848,-1.0160664,-0.3652013,1.3635706,-1.0160643,-0.3651658,1.3635777,-1.0160643,-0.3651729,1.3635919,-1.0160629,-0.3651729,1.3635706,-1.0160615,-0.3651375,1.3636061,-1.0160601,-0.3651658,1.3635777,-1.0160636,-0.3651658,1.3635494,-1.0160664,-0.3651658,1.3635635,-1.0160643,-0.3651587,1.3635139,-1.0160636,-0.3650949,1.3635352,-1.0160586,-0.3650808,1.3635423,-1.0160593,-0.3650949,1.3635352,-1.0160586,-0.3650808,1.3636132,-1.0160572,-0.3651375,1.3635635,-1.0160586,-0.3651091,1.3634997,-1.0160572,-0.3650241,1.3635139,-1.0160558,-0.3650312,1.3634927,-1.0160579,-0.3650312,1.3635635,-1.0160579,-0.3650949,1.3635494,-1.0160579,-0.3650879,1.3635706,-1.0160579,-0.3651091,1.3635706,-1.0160586,-0.3651091,1.3635777,-1.0160579,-0.3651091,1.3635635,-1.0160579,-0.3650949,1.3635706,-1.0160601,-0.3651233,1.3635706,-1.0160586,-0.3651162,1.3635706,-1.0160579,-0.365102,1.3635635,-1.0160579,-0.3650949,1.3635423,-1.0160586,-0.3650879,1.3635494,-1.0160593,-0.3650949,1.3635281,-1.0160608,-0.3650879,1.3635706,-1.0160601,-0.3651233,1.3635564,-1.0160593,-0.365102,1.3635423,-1.0160579,-0.3650808,1.3635564,-1.0160565,-0.3650737,1.3635423,-1.0160558,-0.3650595,1.3635564,-1.0160572,-0.3650808,1.3635635,-1.0160544,-0.3650737,1.3635706,-1.0160537,-0.3650666,1.3635494,-1.0160508,-0.365017,1.3635494,-1.0160515,-0.3650241,1.3635281,-1.0160515,-0.3649957,1.3635281,-1.0160515,-0.3649957,1.3635494,-1.0160508,-0.365017,1.363521,-1.0160523,-0.3650028,1.3635564,-1.0160487,-0.3650028,1.3635706,-1.0160501,-0.3650241,1.3635635,-1.0160487,-0.3650028,1.3635494,-1.0160508,-0.365017,1.3635352,-1.0160494,-0.3649886,1.3635635,-1.016048,-0.3649957,1.3635139,-1.0160494,-0.3649674,1.3635494,-1.0160473,-0.3649815,1.3635423,-1.0160487,-0.3649886,1.363521,-1.0160487,-0.3649674,1.3635564,-1.016048,-0.3649957,1.3635281,-1.0160494,-0.3649815,1.3635564,-1.0160515,-0.3650241,1.3635777,-1.016053,-0.3650595,1.3635352,-1.0160515,-0.365017,1.3634927,-1.0160544,-0.3649886,1.3635494,-1.0160501,-0.3650028,1.3635352,-1.0160508,-0.3650028,1.3635564,-1.0160515,-0.3650241,1.3635564,-1.0160508,-0.365017,1.3635777,-1.0160494,-0.3650312,1.363521,-1.0160501,-0.3649815,1.3635494,-1.0160508,-0.365017,1.3635352,-1.0160508,-0.3650028,1.3635635,-1.0160501,-0.3650241,1.3635352,-1.0160494,-0.3649886,1.3635777,-1.0160473,-0.365017,1.3634856,-1.0160551,-0.3649957,1.3635423,-1.0160473,-0.3649674,1.3635352,-1.0160466,-0.3649603,1.3635139,-1.0160466,-0.364939,1.3635564,-1.0160473,-0.3649886,1.3635352,-1.0160452,-0.3649532,1.3635281,-1.0160459,-0.3649461,1.3635423,-1.0160452,-0.3649532,1.3635777,-1.0160445,-0.3649815,1.3635564,-1.0160445,-0.3649674,1.3635564,-1.0160438,-0.3649532,1.3635423,-1.016043,-0.3649319,1.3635494,-1.016043,-0.3649461,1.3635423,-1.016043,-0.364939,1.3635423,-1.0160423,-0.3649248,1.3635139,-1.0160423,-0.3648965,1.3635706,-1.0160395,-0.3649319,1.3635352,-1.0160402,-0.3649036,1.3635564,-1.0160388,-0.3649107,1.363599,-1.0160374,-0.364939,1.3635777,-1.0160402,-0.3649461,1.3635494,-1.0160395,-0.3649036,1.3635635,-1.0160381,-0.3649107,1.3634997,-1.0160409,-0.3648752,1.3635423,-1.0160374,-0.3648752,1.3635494,-1.0160374,-0.3648894,1.3635068,-1.0160381,-0.3648469,1.3635068,-1.0160374,-0.3648469,1.3635352,-1.0160374,-0.3648752,1.3634997,-1.016036,-0.3648256,1.3635494,-1.0160324,-0.3648398,1.3635139,-1.0160352,-0.3648327,1.3635139,-1.016036,-0.3648398,1.3635423,-1.0160324,-0.3648327,1.3634997,-1.0160352,-0.3648185,1.363521,-1.0160324,-0.3648185,1.3635068,-1.0160324,-0.3648043,1.3634997,-1.0160324,-0.3647973,1.3635139,-1.0160331,-0.3648114,1.3634997,-1.0160324,-0.3647902,1.3635139,-1.0160324,-0.3648043,1.3635281,-1.0160317,-0.3648114,1.3635281,-1.0160303,-0.3647973,1.3635068,-1.016031,-0.3647831,1.3635139,-1.0160296,-0.364776,1.363521,-1.0160296,-0.364776,1.3635281,-1.0160296,-0.3647902,1.3635068,-1.0160296,-0.3647689,1.3635352,-1.0160296,-0.3647902,1.3634997,-1.0160303,-0.3647689,1.3634997,-1.016031,-0.3647689,1.3635068,-1.0160296,-0.3647689,1.3635139,-1.0160274,-0.3647547,1.3634997,-1.0160282,-0.3647476,1.363521,-1.0160282,-0.3647689,1.3635068,-1.0160296,-0.3647689,1.3634997,-1.0160296,-0.3647618,1.3634997,-1.0160274,-0.3647476,1.3634997,-1.0160289,-0.3647547,1.3635281,-1.0160274,-0.3647689,1.3635281,-1.0160253,-0.3647476,1.3634997,-1.0160289,-0.3647476,1.3635281,-1.0160246,-0.3647406,1.3635281,-1.0160253,-0.3647547,1.363521,-1.0160253,-0.3647406,1.3635068,-1.0160253,-0.3647264,1.3635494,-1.0160232,-0.3647547,1.3634927,-1.0160274,-0.3647335,1.3635068,-1.0160274,-0.3647476,1.3635139,-1.0160282,-0.3647618,1.3634927,-1.0160267,-0.3647264,1.3634856,-1.0160274,-0.3647264,1.3634856,-1.0160274,-0.3647264,1.3634714,-1.0160296,-0.3647335,1.3634927,-1.0160267,-0.3647264,1.3634997,-1.0160246,-0.3647122,1.3634997,-1.0160253,-0.3647193,1.3634927,-1.0160253,-0.3647122,1.3634927,-1.0160239,-0.3647051,1.3635352,-1.0160232,-0.3647335,1.3634856,-1.0160239,-0.364698,1.3634856,-1.016026,-0.3647122,1.3635068,-1.0160253,-0.3647335,1.3635139,-1.0160232,-0.3647122,1.3635139,-1.0160232,-0.3647122,1.3634997,-1.0160246,-0.3647122,1.3634997,-1.0160246,-0.3647122,1.3635068,-1.016026,-0.3647335,1.3634997,-1.0160253,-0.3647193,1.3634997,-1.0160274,-0.3647406,1.3634785,-1.016026,-0.3647051,1.3634856,-1.0160274,-0.3647264,1.3634856,-1.0160253,-0.3647122,1.3635139,-1.0160253,-0.3647335,1.3634785,-1.0160239,-0.3646839,1.3634856,-1.0160246,-0.364698,1.3634997,-1.0160218,-0.3646909,1.3634997,-1.0160225,-0.3646909,1.3634997,-1.0160197,-0.3646626,1.3634714,-1.0160239,-0.3646839,1.3634927,-1.0160211,-0.3646697,1.3635139,-1.0160197,-0.3646839,1.3634997,-1.0160218,-0.3646839,1.3635068,-1.0160225,-0.364698,1.3635352,-1.0160197,-0.3647051,1.3634997,-1.0160211,-0.3646839,1.3634927,-1.0160211,-0.3646768,1.3635139,-1.0160211,-0.3646909,1.3634927,-1.0160225,-0.3646839,1.3634856,-1.0160218,-0.3646768,1.3634856,-1.0160218,-0.3646768,1.3634785,-1.0160232,-0.3646768,1.3634856,-1.0160197,-0.3646555,1.3634714,-1.0160189,-0.3646342,1.3635139,-1.0160168,-0.3646484,1.3634856,-1.0160211,-0.3646697,1.3634997,-1.0160197,-0.3646697,1.3635139,-1.0160197,-0.3646839,1.3634785,-1.0160218,-0.3646626,1.3634785,-1.0160211,-0.3646626,1.3634927,-1.0160197,-0.3646626,1.3634927,-1.0160189,-0.3646555,1.3634785,-1.0160211,-0.3646626,1.3634997,-1.0160189,-0.3646626,1.3634997,-1.0160197,-0.3646697,1.3634927,-1.0160211,-0.3646697,1.3635139,-1.0160154,-0.3646413,1.3635281,-1.0160147,-0.3646413,1.363521,-1.0160147,-0.3646342,1.363521,-1.0160147,-0.3646413,1.363521,-1.0160161,-0.3646484,1.3635068,-1.0160154,-0.3646413,1.3634643,-1.0160182,-0.364613,1.3634997,-1.0160154,-0.3646272,1.3634785,-1.0160161,-0.364613,1.3634643,-1.0160154,-0.3645988,1.3635068,-1.0160154,-0.3646342,1.3635068,-1.0160154,-0.3646342,1.3635068,-1.0160161,-0.3646342,1.3634927,-1.0160147,-0.3646201,1.3634643,-1.0160168,-0.3646059,1.3634856,-1.0160147,-0.3646059,1.3634856,-1.0160154,-0.364613,1.3634927,-1.0160126,-0.3645917,1.3634997,-1.0160126,-0.3645988,1.3634785,-1.0160133,-0.3645846,1.3634785,-1.0160126,-0.3645775,1.3634856,-1.0160126,-0.3645846,1.3634785,-1.0160111,-0.3645634,1.3635068,-1.016009,-0.3645775,1.3635139,-1.0160104,-0.3645917,1.3634927,-1.0160126,-0.3645917,1.3634501,-1.0160133,-0.3645634,1.3634572,-1.0160111,-0.3645421,1.3634714,-1.0160111,-0.3645563,1.363443,-1.016009,-0.3645067,1.363436,-1.0160069,-0.3644854,1.3634572,-1.0160041,-0.3644783,1.363443,-1.0160048,-0.3644712,1.3634785,-1.0160048,-0.3645067,1.3634501,-1.016009,-0.3645137,1.3635281,-1.0160083,-0.3645917,1.3635068,-1.0160111,-0.3645988,1.3634714,-1.0160126,-0.3645634,1.3634714,-1.0160104,-0.3645492,1.3634714,-1.0160104,-0.3645492,1.3634785,-1.0160111,-0.3645634,1.3634997,-1.0160104,-0.3645775,1.3634785,-1.0160104,-0.3645634,1.3634501,-1.0160111,-0.364535,1.3634785,-1.016009,-0.3645421,1.3634572,-1.0160083,-0.3645208,1.3634927,-1.0160069,-0.364535,1.3635068,-1.0160083,-0.3645634,1.3634927,-1.0160104,-0.3645705,1.3634785,-1.0160111,-0.3645634,1.3635068,-1.016009,-0.3645775,1.3634997,-1.0160104,-0.3645775,1.3634501,-1.0160126,-0.3645492,1.3635068,-1.016009,-0.3645775,1.3634927,-1.0160104,-0.3645705,1.3635068,-1.0160104,-0.3645846,1.3634927,-1.0160126,-0.3645846,1.3634927,-1.016009,-0.3645563,1.3634997,-1.0160104,-0.3645775,1.363443,-1.0160133,-0.3645563,1.3634856,-1.0160111,-0.3645705,1.3634856,-1.0160111,-0.3645775,1.3634714,-1.0160126,-0.3645775,1.363521,-1.0160111,-0.3646059,1.3634856,-1.0160133,-0.3645917,1.3634785,-1.0160133,-0.3645917,1.3634997,-1.016009,-0.3645634,1.3634927,-1.0160083,-0.3645492,1.3635139,-1.016009,-0.3645846,1.3634714,-1.0160126,-0.3645705,1.3634856,-1.0160104,-0.3645634,1.3634785,-1.0160111,-0.3645634,1.3634572,-1.0160111,-0.3645492,1.3635068,-1.0160111,-0.3645988,1.3634785,-1.0160126,-0.3645846,1.3634927,-1.0160111,-0.3645846,1.3634785,-1.0160111,-0.3645634,1.3634643,-1.0160126,-0.3645563,1.3634856,-1.0160111,-0.3645775,1.3634927,-1.0160126,-0.3645846,1.3634856,-1.0160104,-0.3645634,1.3634927,-1.0160104,-0.3645775,1.3634785,-1.0160111,-0.3645634,1.3634714,-1.0160111,-0.3645634,1.3635068,-1.016009,-0.3645775,1.3634856,-1.0160104,-0.3645634,1.3634643,-1.0160104,-0.3645421,1.3634572,-1.0160111,-0.3645421,1.3634927,-1.0160069,-0.3645421,1.3634501,-1.016009,-0.3645208,1.3634643,-1.0160069,-0.3645137,1.3634643,-1.016009,-0.3645279,1.3634856,-1.0160062,-0.3645208,1.3634927,-1.0160048,-0.3645208,1.3635068,-1.0160048,-0.364535,1.3634856,-1.0160019,-0.3644783,1.3634997,-1.0160026,-0.3645067,1.3634997,-1.0160041,-0.3645137,1.3634997,-1.0160041,-0.3645137,1.3634927,-1.0160048,-0.3645137,1.3634997,-1.0160048,-0.3645279,1.3634856,-1.0160048,-0.3645137,1.3635139,-1.0160019,-0.3645137,1.3635139,-1.0160019,-0.3645137,1.3634785,-1.0160026,-0.3644854,1.3635139,-1.0160005,-0.3645067,1.363521,-1.0160062,-0.3645563,1.3635139,-1.0160041,-0.364535,1.3634643,-1.0160062,-0.3645067,1.3634856,-1.0160048,-0.3645137,1.363436,-1.0160083,-0.3644996,1.3634856,-1.0160026,-0.3644925,1.3634785,-1.0160041,-0.3644925,1.3634714,-1.0160062,-0.3645137,1.363443,-1.0160048,-0.3644712,1.3634501,-1.0160019,-0.36445,1.3634714,-1.0160026,-0.3644783,1.3634714,-1.0160041,-0.3644925,1.3634714,-1.0160026,-0.3644783,1.3634856,-1.0160019,-0.3644783,1.3634927,-1.0160005,-0.3644783,1.3634856,-1.0159998,-0.3644641,1.3634997,-1.0159998,-0.3644783,1.3634785,-1.0160019,-0.3644712,1.3634714,-1.0160026,-0.3644854,1.3634785,-1.0160041,-0.3644925,1.3634572,-1.0160062,-0.3644925,1.3634997,-1.0160026,-0.3645137,1.3635068,-1.0160026,-0.3645137,1.3634785,-1.0160019,-0.3644783,1.3634714,-1.0160005,-0.364457,1.3634785,-1.0159984,-0.36445,1.3634714,-1.0159998,-0.3644429,1.3634856,-1.0159977,-0.3644429,1.3634927,-1.0159984,-0.364457,1.3634927,-1.0159963,-0.3644358,1.3634856,-1.0159977,-0.3644358,1.3634927,-1.0159963,-0.3644429,1.3635068,-1.0159934,-0.3644216,1.3634927,-1.0159977,-0.36445,1.3634927,-1.0159963,-0.3644429,1.3634714,-1.0159977,-0.3644287,1.363443,-1.0160005,-0.3644287,1.3634714,-1.0159956,-0.3644074,1.3634997,-1.0159963,-0.36445,1.3635068,-1.0159963,-0.364457,1.3634785,-1.0159998,-0.364457,1.3634856,-1.0159977,-0.3644429,1.3634927,-1.0159963,-0.3644287,1.3634572,-1.0159984,-0.3644216,1.3634785,-1.0159956,-0.3644145,1.3634927,-1.0159941,-0.3644145,1.3634785,-1.0159941,-0.3644003,1.3634785,-1.015992,-0.3643862,1.3634997,-1.0159892,-0.364372,1.3634927,-1.0159913,-0.3643862,1.3634714,-1.015992,-0.364372,1.3634997,-1.0159934,-0.3644145,1.3634572,-1.0159941,-0.3643791,1.3634997,-1.0159956,-0.3644358,1.3634572,-1.0159998,-0.3644287,1.3634927,-1.0159998,-0.3644712,1.3634643,-1.0160005,-0.36445,1.3634643,-1.0159977,-0.3644216,1.3634643,-1.0159977,-0.3644216,1.3634785,-1.0159998,-0.364457,1.3634785,-1.0159984,-0.3644429,1.3634997,-1.0159956,-0.3644358,1.3634785,-1.0159941,-0.3644074,1.3634714,-1.0159977,-0.3644287,1.3634856,-1.0159956,-0.3644145,1.3635068,-1.0159934,-0.3644216,1.3634997,-1.0159956,-0.3644287,1.3634785,-1.0159956,-0.3644145,1.3634005,-1.0160026,-0.3644074,1.3634714,-1.0159941,-0.3643933,1.3634785,-1.0159934,-0.3643933,1.3634501,-1.0159913,-0.3643366,1.3634643,-1.0159913,-0.3643578,1.3634572,-1.015992,-0.3643649,1.3634501,-1.015992,-0.3643507,1.3634714,-1.015992,-0.364372,1.3634856,-1.0159941,-0.3644145,1.3634572,-1.0159934,-0.364372,1.3634785,-1.015992,-0.3643862,1.3634714,-1.0159913,-0.3643649,1.3634856,-1.0159913,-0.3643791,1.3634643,-1.0159934,-0.3643791,1.3634785,-1.015992,-0.3643791,1.3634643,-1.0159934,-0.3643791,1.3634997,-1.0159899,-0.3643862,1.3634714,-1.0159913,-0.3643649,1.3634643,-1.0159892,-0.3643366,1.3634927,-1.0159878,-0.3643507,1.3634147,-1.0159899,-0.3643011,1.363443,-1.0159835,-0.3642657
